867
242
228
776
493
321
170
544
104
614
266
768
900
353
835
997
938
682
115
556
634
446
17
508
676
788
322
400
446
594
139
179
516
873
753
552
993
374
166
870
373
333
548
163
789
247
84
230
768
140
504
665
687
999
357
527
685
514
813
806
311
916
937
993
51
573
216
968
866
15
171
901
586
742
236
365
236
577
956
232
859
804
719
366
674
151
707
727
973
167
796
555
170
503
385
887
42
25
614
7
665
467
231
969
518
137
667
889
954
516
968
87
917
78
985
181
224
627
379
435
386
634
378
254
640
155
656
372
263
214
337
974
721
79
734
999
552
920
724
668
968
878
733
733
150
472
348
868
121
599
339
712
963
412
114
950
522
239
284
480
678
264
138
53
595
559
202
902
303
88
998
402
615
126
167
544
507
197
220
243
227
97
418
313
165
600
144
21
379
460
366
788
527
326
249
665
505
495
92
332
567
958
646
695
706
124
368
901
977
479
650
40
786
440
27
12
802
187
405
980
622
81
611
745
488
776
641
535
99
946
905
639
343
591
168
907
581
84
495
604
657
862
160
90
436
192
234
993
684
307
244
116
290
366
700
489
459
629
289
370
227
894
455
119
522
318
388
897
669
51
925
442
878
195
87
398
362
324
886
384
169
464
984
109
717
532
864
572
761
648
88
475
125
770
706
417
322
538
706
113
536
586
334
267
714
442
31
783
612
775
339
737
90
467
958
196
92
437
869
416
626
783
381
882
91
515
727
313
602
504
304
570
495
185
155
851
563
545
525
350
440
351
691
409
557
193
309
789
95
904
246
794
160
608
506
337
201
437
950
780
408
946
245
924
155
654
365
877
746
8
786
151
496
915
50
116
506
343
78
727
324
757
217
456
210
876
331
60
343
890
34
612
633
369
779
189
422
862
47
561
948
779
721
895
869
840
939
436
928
938
257
365
702
449
555
571
504
906
97
212
610
664
884
314
890
692
92
612
3
997
349
919
830
601
55
732
348
552
217
208
244
343
730
704
563
785
989
15
788
567
550
117
556
845
512
409
544
587
995
886
967
421
900
233
759
535
616
862
902
570
750
260
168
48
985
167
886
586
744
510
397
428
146
308
547
678
832
598
906
289
350
976
298
105
308
118
499
294
273
162
610
603
688
781
388
195
158
763
325
101
148
515
553
321
857
555
526
93
886
879
421
710
102
442
613
431
582
929
222
491
790
575
542
378
733
727
789
540
712
360
183
973
122
371
303
487
279
956
230
83
891
511
701
384
565
958
771
828
50
888
885
427
499
907
814
118
337
168
392
417
821
403
680
642
835
17
252
927
672
402
241
63
278
884
823
175
542
139
323
143
358
330
847
510
743
806
793
380
652
897
185
435
72
403
284
412
773
844
390
613
482
17
909
692
139
432
188
558
715
798
506
557
706
154
614
261
398
26
825
751
234
6
282
474
389
931
931
828
516
319
268
936
157
107
196
660
174
960
176
976
58
880
645
716
491
993
612
931
435
784
825
703
380
377
765
464
891
648
444
463
85
537
95
691
709
640
204
912
130
494
997
452
384
128
867
592
288
643
938
517
373
274
540
375
38
644
112
784
651
378
80
427
550
377
519
317
901
813
612
635
208
988
652
230
824
202
894
749
263
354
826
409
333
681
989
649
733
705
979
737
59
774
638
416
234
154
860
632
638
72
125
275
164
945
840
833
930
41
689
92
855
614
235
171
494
803
452
725
439
393
609
281
170
112
215
530
111
462
734
315
455
692
693
802
891
585
5
870
269
121
67
116
17
41
689
728
26
319
303
430
213
404
241
298
821
389
690
330
690
125
157
208
655
78
784
316
637
571
357
572
947
656
726
654
40
94
429
869
351
127
77
123
134
775
955
987
853
340
27
568
481
425
931
242
296
280
405
300
562
763
661
688
78
386
76
861
769
794
445
316
492
131
734
194
102
0
312
967
902
843
906
377
886
623
944
208
681
848
212
707
63
186
2
646
185
784
536
21
255
900
238
887
188
622
135
446
107
226
516
30
301
55
824
499
616
980
911
493
86
685
587
689
292
702
530
270
557
790
407
164
925
148
233
19
466
544
421
622
252
557
281
411
7
375
147
161
456
344
182
530
792
135
539
472
511
708
932
861
352
151
44
450
753
166
824
820
993
811
760
433
522
371
898
647
686
72
317
870
351
873
904
67
229
930
149
903
609
541
549
285
811
641
481
497
169
610
191
337
917
562
318
790
451
442
505
16
631
491
209
256
944
465
995
452
340
531
839
423
368
246
