233
148
844
536
23
966
53
889
987
244
815
810
723
100
269
95
289
916
923
806
521
773
3
499
743
328
389
650
557
952
84
167
964
660
817
185
160
774
30
979
358
555
656
661
868
77
294
761
395
745
2
888
121
459
606
50
558
735
2
186
761
830
108
781
368
904
29
544
131
337
892
814
265
283
684
80
241
135
954
537
526
494
163
698
50
359
304
703
461
266
873
608
956
718
81
132
295
556
559
819
346
319
119
518
915
783
337
280
883
167
65
206
231
199
600
741
509
15
659
249
113
585
225
233
620
557
379
871
550
769
161
957
104
367
276
834
115
646
397
402
409
159
305
775
840
68
711
9
173
340
896
688
995
601
73
553
150
50
788
638
254
777
801
789
444
126
915
772
620
29
72
393
81
383
38
612
462
127
921
219
306
23
785
520
20
761
323
723
528
529
944
43
630
183
290
790
961
221
179
230
378
712
816
285
858
55
113
183
925
273
641
781
543
872
832
282
136
817
148
456
617
799
656
608
211
5
293
82
847
355
763
91
424
407
993
518
558
9
740
787
957
868
595
49
444
169
581
556
118
293
879
825
735
546
748
627
931
929
245
8
184
719
931
249
844
897
419
399
682
42
836
272
605
545
571
600
439
433
947
637
3
224
101
270
481
967
786
358
840
887
906
496
358
865
567
236
991
469
997
359
96
342
609
811
4
311
974
547
499
254
299
739
859
293
900
261
773
268
972
321
759
203
170
572
203
451
788
575
25
161
791
673
446
432
653
530
800
57
815
558
363
777
173
470
29
502
102
231
228
367
590
630
479
752
224
570
794
169
226
710
285
336
943
498
630
282
792
674
680
834
152
175
716
107
994
471
710
483
839
209
726
58
371
221
182
229
592
393
314
468
163
158
451
88
965
879
779
911
649
566
29
994
910
44
540
970
534
166
160
741
760
442
782
83
221
54
965
150
718
623
388
474
54
278
469
519
777
735
586
314
860
548
832
551
558
546
695
795
495
457
703
258
377
429
795
48
910
749
698
63
969
303
744
115
632
546
818
183
852
55
824
415
226
859
381
546
566
630
645
1
838
720
918
95
441
824
804
194
903
891
355
890
505
371
433
429
572
935
478
742
506
933
170
482
740
949
644
558
105
300
207
983
37
59
310
862
536
271
785
814
640
523
901
845
888
621
848
158
278
826
756
477
676
465
736
319
673
572
744
639
103
442
725
468
727
727
614
140
708
128
421
322
815
591
553
710
44
550
508
412
572
516
345
417
356
230
484
853
758
863
210
36
909
766
756
496
104
281
110
849
354
390
76
598
609
29
818
101
447
990
890
139
302
780
662
31
902
1000
674
572
385
831
947
787
398
322
49
691
265
788
344
947
938
904
896
395
899
547
260
768
220
841
893
634
979
314
416
406
486
671
223
544
690
225
761
178
657
638
399
403
689
601
121
493
229
494
602
608
381
345
586
354
768
641
496
173
984
226
587
296
880
122
370
657
547
489
711
573
86
735
142
872
54
440
233
435
317
466
494
998
227
332
506
315
816
154
709
371
619
286
954
367
401
307
657
874
15
148
103
694
534
887
654
48
174
231
524
408
565
255
579
656
960
578
744
932
502
802
912
317
222
235
381
239
763
626
627
614
462
989
476
690
783
955
173
474
649
676
966
397
211
399
856
34
337
351
995
554
992
163
899
323
764
576
820
990
29
763
771
88
253
675
932
968
913
505
588
448
17
786
318
941
407
421
30
225
557
929
432
882
521
152
423
588
403
133
833
980
943
397
783
271
737
791
758
235
466
220
321
986
545
713
945
638
852
300
433
719
377
593
890
486
972
257
64
757
235
93
713
554
864
956
300
374
142
936
775
575
413
923
354
622
290
977
409
42
994
12
857
590
722
362
376
792
507
72
693
62
772
569
292
600
872
319
939
99
277
313
649
501
904
594
104
326
893
952
481
932
238
133
692
482
368
798
37
254
752
975
144
764
169
375
267
262
678
460
575
632
856
501
736
993
140
89
810
441
542
517
235
421
312
268
794
651
85
401
151
755
686
983
925
151
401
613
168
240
39
877
305
235
855
793
492
236
699
88
206
730
789
581
848
976
675
766
593
305
33
589
504
645
681
228
994
742
950
296
527
687
51
793
889
706
935
901
924
802
41
393
871
60
534
333
44
248
335
97
580
199
250
751
12
353
966
839
37
576
269
222
805
656
668
152
313
0
292
560
261
36
705
102
548
410
157
0
703
964
335
498
8
572
294
372
43
120
281
270
820
69
166
150
