299
764
919
997
71
503
719
861
16
914
963
872
30
195
834
759
963
226
289
187
632
152
486
612
313
708
872
44
831
227
567
125
616
358
418
66
608
494
870
148
557
423
699
655
597
906
716
733
538
590
894
589
340
206
509
51
590
682
52
124
301
817
39
546
387
582
226
200
105
725
643
237
345
167
406
656
511
585
712
853
883
967
66
857
751
163
170
949
985
46
456
90
119
854
475
984
216
204
72
920
745
547
498
574
218
110
203
281
307
487
328
567
284
608
167
109
627
60
267
881
885
445
551
492
708
640
687
764
669
861
132
824
892
880
200
11
634
99
761
537
775
802
556
750
895
726
401
971
134
948
275
238
453
833
83
975
700
605
518
835
710
283
556
475
608
857
135
364
304
718
926
639
970
789
941
685
502
561
134
181
570
632
30
761
696
50
840
55
996
249
639
298
93
43
410
967
150
270
69
187
873
306
59
751
267
454
659
347
735
197
510
202
938
533
312
2
651
113
205
86
213
7
274
500
35
179
966
867
954
397
93
829
692
35
523
482
512
929
257
45
82
22
889
891
84
377
312
802
633
788
183
738
654
614
899
612
493
534
22
938
118
705
975
353
946
982
171
437
741
314
791
937
697
946
313
861
246
534
837
679
55
943
282
171
895
737
249
283
620
699
74
417
986
456
42
785
878
334
119
138
269
468
51
705
312
291
197
474
515
118
119
161
971
284
199
243
528
33
798
687
102
921
935
933
324
345
922
606
177
644
724
849
114
613
758
991
881
83
639
302
29
355
119
369
202
512
359
819
21
970
811
944
156
115
995
258
164
785
537
387
368
542
255
829
155
836
684
417
263
627
804
265
970
425
523
362
162
933
8
274
844
729
431
907
7
124
692
213
918
1
737
867
193
712
670
692
950
751
315
550
163
902
345
434
138
601
735
565
783
736
19
154
668
902
154
936
402
559
203
149
627
686
385
386
80
718
847
660
517
639
83
22
809
956
79
371
887
503
43
546
963
269
159
788
262
390
782
893
241
316
497
199
912
777
745
202
48
833
567
114
671
551
396
16
279
581
958
284
738
970
449
856
943
434
14
241
689
569
605
548
399
193
621
996
5
327
728
408
376
584
271
729
181
269
405
755
498
107
28
216
228
922
415
681
462
942
647
894
845
496
124
200
796
962
842
50
960
776
660
361
265
62
268
709
847
700
506
134
952
86
807
359
189
30
997
123
957
912
255
699
270
205
356
643
429
601
206
223
801
817
919
936
352
561
616
439
587
13
320
954
953
341
20
380
744
537
918
45
448
126
213
368
962
144
235
830
790
289
190
340
540
926
429
711
614
926
185
164
537
170
56
192
539
212
471
645
98
75
909
614
873
619
394
710
33
19
191
494
279
811
810
933
140
215
902
591
865
482
227
623
303
193
226
946
142
249
34
31
264
12
97
136
100
753
697
770
349
555
558
292
435
704
590
718
709
375
574
502
805
60
593
828
250
876
164
421
436
80
712
207
122
451
778
470
516
113
538
74
705
266
444
336
273
956
608
656
718
651
17
166
123
539
559
126
529
900
359
208
295
152
281
205
661
481
908
613
543
378
371
211
26
458
43
141
116
652
70
755
997
562
356
401
189
929
576
466
650
715
337
405
783
320
393
892
329
236
739
895
886
875
473
220
206
907
56
570
785
639
750
920
614
600
970
642
333
900
191
850
410
642
611
692
444
928
608
19
262
925
540
857
75
431
932
340
613
567
699
276
248
2
873
549
652
438
282
666
443
466
144
612
697
231
894
676
963
158
564
833
17
412
49
432
431
412
19
876
573
103
330
881
86
782
997
365
806
268
25
520
988
51
585
230
928
224
806
351
58
420
487
907
724
42
991
363
823
123
382
789
600
715
882
307
842
79
763
937
299
106
282
447
557
506
280
348
19
132
23
562
756
266
559
420
399
262
404
117
937
690
860
942
355
768
509
400
738
216
998
748
566
815
409
861
971
214
811
993
473
915
339
789
718
467
930
20
365
19
735
458
411
610
532
866
525
967
576
685
348
908
330
702
48
890
674
791
403
63
299
38
716
811
992
285
453
586
929
343
208
162
507
720
934
539
602
446
392
153
816
402
694
150
506
671
976
124
474
351
797
702
637
719
344
299
573
473
567
425
613
966
52
282
744
629
329
875
523
885
19
256
922
612
38
801
941
642
774
184
237
471
443
192
296
835
412
973
630
805
783
269
856
312
37
375
630
290
858
66
769
971
598
390
545
541
65
657
96
234
606
207
46
23
