29
952
13
544
280
105
196
796
112
161
441
208
61
752
567
658
162
146
118
366
935
938
397
326
551
458
19
544
41
946
979
934
634
133
724
402
663
152
199
148
235
793
493
761
844
130
121
731
333
211
489
462
999
696
857
29
6
234
236
192
588
27
497
773
705
601
170
599
882
809
207
524
222
184
237
193
228
69
533
561
783
337
123
13
437
627
526
921
531
73
900
838
835
7
756
599
270
557
544
927
855
501
327
15
688
451
12
230
510
573
796
655
574
166
18
270
67
797
12
384
114
735
885
212
128
615
955
615
988
651
980
196
567
344
978
14
879
275
365
323
650
872
3
423
173
950
569
22
120
602
279
836
70
831
518
349
76
229
84
996
574
424
3
872
552
324
934
532
766
244
119
52
928
912
54
446
50
256
211
639
132
299
340
476
754
793
192
253
602
133
773
670
77
873
155
609
994
166
630
571
405
26
439
667
730
838
380
990
313
845
934
90
743
721
616
897
591
30
131
401
919
268
719
379
625
698
206
934
563
697
443
88
998
191
716
870
443
835
906
36
352
44
944
523
718
509
902
4
493
442
66
979
275
491
25
287
481
786
606
44
146
240
70
912
279
827
21
164
321
820
357
657
841
231
880
981
334
14
974
584
541
624
770
320
583
16
529
559
546
369
801
596
951
714
211
130
492
755
605
757
106
234
305
154
469
457
281
721
723
528
530
623
923
803
668
909
431
402
536
901
155
621
222
58
673
360
235
300
897
565
999
316
226
354
951
20
314
81
21
361
180
863
863
618
642
797
839
108
556
149
348
277
92
0
9
460
44
636
540
583
234
358
726
553
363
635
914
713
84
657
89
130
737
194
601
301
96
189
620
308
702
329
329
197
156
498
942
445
410
891
306
52
183
892
511
997
891
630
64
283
714
88
565
732
968
48
766
228
578
320
333
872
392
368
950
668
560
725
708
176
317
656
875
867
964
745
318
7
219
535
891
132
647
232
204
153
180
615
320
702
396
30
564
220
391
667
561
950
839
163
154
181
43
1000
212
150
718
763
270
403
117
28
902
654
652
154
831
133
694
12
121
719
156
904
46
119
770
714
148
892
422
223
144
336
684
114
746
842
490
467
946
472
768
288
48
411
281
391
371
132
286
544
429
633
444
324
533
382
948
346
983
291
283
825
854
164
304
425
175
217
769
617
910
244
249
721
588
941
823
489
952
697
881
309
603
637
918
32
578
239
81
424
637
711
611
631
538
139
807
176
267
340
210
227
907
6
469
541
471
455
302
762
843
880
902
703
320
371
953
302
472
982
993
326
672
522
662
86
510
533
108
418
157
420
868
185
361
503
681
63
96
857
544
561
296
421
311
782
475
255
923
314
706
486
843
245
590
864
186
497
219
117
775
198
86
854
516
870
259
455
403
759
983
458
610
412
280
241
781
909
579
217
675
667
204
151
380
432
155
350
54
348
564
522
8
791
631
716
609
848
715
923
219
662
997
374
970
630
285
776
881
121
500
285
177
524
536
229
919
639
248
91
712
62
179
492
304
824
257
386
627
325
917
674
23
58
710
769
884
915
68
257
843
23
614
700
617
834
308
225
319
218
283
805
291
125
495
801
376
966
590
43
37
554
817
121
546
388
300
242
421
183
94
827
754
181
627
171
901
650
437
349
974
844
118
141
389
676
635
303
641
460
380
248
547
62
970
459
39
407
461
781
85
925
570
990
10
595
728
586
817
204
548
266
142
61
671
21
993
52
772
269
21
557
131
635
919
850
589
684
727
633
847
268
933
456
90
793
272
944
285
328
952
53
548
901
543
262
111
677
176
550
775
274
348
5
941
391
848
322
573
684
599
564
441
711
73
354
313
632
696
923
538
368
373
912
1
883
5
299
880
94
624
110
628
142
890
507
660
805
16
326
720
799
667
548
764
928
192
682
233
199
748
367
237
361
840
250
953
0
60
933
227
874
917
45
579
694
368
90
819
743
763
632
84
129
242
538
170
2
372
699
717
953
602
565
603
850
133
762
663
324
130
65
826
137
551
176
723
644
528
967
264
262
675
673
245
404
74
761
141
504
167
885
433
24
532
645
414
526
297
324
669
106
100
708
594
552
752
13
644
67
16
568
458
947
341
293
597
45
155
961
313
482
505
171
201
704
945
95
749
861
986
871
295
948
805
968
153
999
78
851
509
285
518
30
148
84
377
101
237
141
773
878
267
917
653
684
172
262
794
238
768
485
858
810
134
653
316
653
93
100
575
905
975
498
559
121
851
716
