608
69
925
101
13
192
729
215
451
445
840
375
391
176
214
71
543
436
410
26
54
188
309
321
28
655
126
621
399
4
153
970
241
778
656
916
530
135
381
41
643
122
780
488
435
28
974
566
427
359
496
513
5
718
152
591
907
64
799
812
887
468
367
690
300
412
653
836
77
701
548
774
322
590
995
36
612
528
528
814
575
657
731
726
994
184
377
593
592
851
664
140
486
544
973
878
872
170
936
328
166
131
720
541
306
41
481
455
456
341
459
105
606
991
210
159
866
456
697
521
42
852
655
987
806
958
640
317
28
624
959
109
178
106
540
925
795
646
521
812
568
27
19
627
686
633
309
588
189
216
800
874
820
900
757
204
458
276
952
916
716
804
253
431
476
946
477
379
427
444
574
32
255
171
427
269
433
716
430
773
805
981
279
183
812
886
618
353
347
4
734
613
763
877
952
704
570
693
990
352
85
374
957
779
311
930
740
511
663
685
319
403
622
41
899
648
668
801
2
812
557
387
339
582
431
191
837
202
420
509
859
614
906
773
227
475
4
943
125
671
389
967
610
80
7
18
788
428
809
283
646
123
289
624
722
135
357
63
586
90
223
584
785
968
652
161
106
843
511
473
778
28
225
69
562
288
603
649
628
394
294
588
959
746
942
881
575
944
958
420
669
860
408
241
990
166
477
620
819
396
534
23
524
920
579
188
424
110
332
75
959
311
998
623
78
818
40
440
825
927
899
946
121
653
722
964
629
446
218
86
181
982
288
126
508
542
864
692
121
950
338
407
414
79
586
337
621
410
59
987
258
599
688
843
982
833
481
514
888
98
664
927
776
446
755
66
514
965
528
327
678
39
824
241
664
247
280
309
529
201
335
812
771
415
803
204
358
986
115
178
218
678
19
169
748
363
543
132
629
219
502
773
770
384
427
757
362
499
682
55
991
452
962
573
940
483
747
959
1
331
97
827
693
573
74
473
985
588
608
996
68
805
41
33
101
306
575
706
649
927
79
65
574
574
484
529
154
938
792
39
533
997
648
255
403
51
850
332
838
183
332
165
907
483
807
161
567
698
135
342
186
191
98
546
286
444
506
921
874
227
528
449
815
816
268
98
495
736
95
694
345
733
883
800
143
214
343
28
305
952
479
305
32
764
307
212
365
640
267
218
631
623
706
792
101
534
139
903
782
565
748
373
368
788
820
156
362
440
801
244
467
124
900
660
213
588
564
612
556
117
536
823
93
250
898
337
166
447
786
866
597
583
977
299
200
573
459
442
442
674
311
12
676
362
825
405
783
549
110
703
442
883
503
473
955
596
238
616
679
661
751
904
37
455
172
599
898
128
343
91
399
825
415
547
542
707
290
617
694
392
299
501
957
197
653
679
722
911
131
344
232
956
684
617
991
265
935
481
760
62
361
482
476
599
466
841
945
584
922
645
692
253
858
92
294
887
207
119
204
859
207
95
9
264
670
906
428
162
465
583
720
348
310
978
465
535
25
516
371
822
725
502
260
545
613
125
843
623
236
655
881
136
750
835
398
801
698
598
418
560
67
90
740
591
947
984
251
683
577
18
726
292
660
359
63
745
70
527
349
823
447
840
672
24
96
180
908
1
808
359
876
397
594
636
638
256
771
123
543
724
27
885
100
417
828
724
862
84
30
917
763
107
774
190
404
171
487
441
151
475
258
765
708
652
712
36
133
581
53
933
193
754
886
314
293
547
642
333
298
638
165
704
983
827
734
884
480
778
563
140
363
46
227
655
532
480
621
871
300
379
735
120
968
456
305
699
139
749
411
651
505
122
363
896
509
827
19
488
409
576
675
37
897
269
419
478
65
872
344
968
633
431
771
39
360
761
284
104
14
206
672
878
935
608
915
84
243
187
50
206
713
852
351
701
431
659
1
849
380
332
569
789
465
764
655
452
407
549
962
190
693
514
747
761
767
334
268
199
353
147
281
466
224
816
160
266
497
748
225
571
198
973
433
924
377
647
184
633
866
132
54
457
410
847
257
657
670
185
662
659
268
650
741
853
477
193
935
864
512
785
856
398
698
450
579
125
894
466
671
24
704
27
102
903
773
113
511
985
447
309
553
37
649
897
844
568
818
815
357
373
978
649
840
460
769
831
319
600
500
619
112
65
512
382
777
161
150
257
82
282
476
224
136
966
357
111
782
182
938
961
393
544
636
185
118
819
465
649
251
94
645
920
786
567
693
953
518
734
101
493
913
438
34
308
334
306
6
309
211
653
200
623
434
615
798
716
967
577
825
407
