334
191
270
49
185
41
125
363
939
463
581
353
188
475
314
408
462
627
387
548
368
431
205
334
547
668
744
635
894
52
96
255
354
234
259
853
799
454
483
881
153
953
207
775
263
613
357
956
105
299
717
808
766
284
107
414
152
11
744
798
584
162
657
156
227
658
876
193
544
36
530
281
3
120
371
171
800
570
779
121
910
791
431
233
252
644
734
442
13
8
869
292
53
581
205
594
246
176
191
767
550
604
563
137
652
532
165
639
488
636
203
468
56
673
536
370
79
344
361
327
276
25
259
738
937
25
518
407
433
254
469
777
497
638
120
132
580
223
346
553
963
974
644
347
573
4
204
43
6
310
53
136
783
689
739
315
699
0
332
537
677
893
23
7
636
570
74
999
249
975
368
11
836
207
385
649
608
946
519
59
278
692
422
320
78
293
19
966
289
417
86
1000
524
476
436
503
372
476
820
300
841
973
473
962
621
647
208
642
842
484
133
380
121
502
174
746
559
53
985
921
322
735
513
963
596
936
110
405
767
583
103
575
610
58
52
980
807
250
797
36
806
234
927
257
467
6
237
353
896
83
905
466
383
377
71
215
716
310
261
777
844
467
941
709
624
745
619
889
385
3
90
158
999
859
651
562
844
456
456
435
96
136
566
69
647
932
55
49
897
782
980
786
495
613
825
489
429
738
566
965
790
939
106
388
122
308
646
169
373
248
798
13
166
993
883
289
761
206
903
305
147
741
694
434
25
834
3
204
283
377
82
442
288
928
482
269
290
923
36
919
221
633
182
819
156
109
665
120
667
941
321
634
980
287
772
206
740
698
49
453
910
829
499
987
923
268
40
732
96
359
388
223
72
17
110
183
885
873
301
846
595
774
716
342
953
407
383
399
604
983
729
387
608
507
859
512
526
27
864
565
602
780
797
507
907
289
581
503
323
522
953
465
356
388
294
376
568
602
112
48
771
336
511
24
563
998
150
26
143
916
477
618
454
984
263
279
501
381
108
356
562
754
664
758
260
712
466
846
687
511
958
973
600
971
971
74
112
127
160
378
764
566
627
982
917
621
906
263
653
356
870
661
31
222
924
359
648
111
682
84
516
344
751
948
420
955
315
926
88
28
136
569
462
670
65
879
359
79
825
333
599
527
454
564
496
917
564
43
64
780
501
799
92
942
785
986
200
585
172
636
471
440
987
497
630
136
43
502
738
87
764
676
791
284
738
746
321
270
999
608
660
63
877
950
803
401
904
799
758
4
85
250
180
248
645
628
393
923
899
767
532
181
334
810
664
878
653
572
397
746
921
960
594
791
527
404
536
395
888
578
387
430
1
807
277
952
72
523
67
288
233
662
425
598
762
346
215
309
780
126
288
781
439
646
604
815
66
898
831
743
214
282
369
385
284
139
392
485
763
632
95
504
56
121
142
112
14
487
187
456
79
886
877
199
666
767
586
103
314
209
379
620
540
2
741
680
274
637
855
362
9
967
151
174
180
931
725
382
352
316
795
555
20
483
247
889
471
802
361
3
852
690
618
773
273
663
884
586
390
326
2
567
97
983
448
733
370
169
580
140
124
284
144
451
977
495
914
759
688
587
838
532
554
70
186
184
410
992
292
687
230
436
662
200
825
415
775
169
563
697
303
718
722
512
738
463
660
146
452
732
972
689
401
817
244
894
934
408
82
931
649
791
620
555
131
589
272
402
808
722
388
647
941
177
470
994
70
430
170
844
408
551
406
125
54
727
678
297
107
309
594
723
845
129
653
77
980
333
517
523
988
450
857
416
125
36
67
708
718
778
301
549
790
311
18
128
921
951
868
810
873
796
88
133
800
399
885
495
991
868
656
59
356
391
7
175
393
484
457
681
413
59
543
430
588
976
276
29
449
218
656
565
478
595
144
663
692
656
304
787
234
567
184
329
250
955
48
962
878
39
153
178
68
257
379
834
490
617
436
458
629
197
621
794
527
932
725
578
361
901
392
873
858
776
392
926
678
437
218
835
118
937
537
483
941
548
35
187
733
54
423
466
172
748
228
943
644
754
674
373
695
759
656
841
932
840
273
931
684
183
379
88
70
342
972
931
373
410
36
248
813
260
404
536
238
606
155
379
178
635
503
549
227
980
644
474
999
556
162
829
7
226
383
435
806
552
467
385
498
926
359
433
692
929
512
847
402
854
280
443
226
917
840
729
625
898
325
968
542
286
300
88
782
744
876
827
580
655
420
104
738
450
705
886
465
532
503
712
658
449
828
647
463
655
49
92
567
524
576
859
