168
179
497
845
945
338
781
504
204
737
155
229
995
409
986
21
71
128
845
682
173
364
703
703
599
965
983
931
731
792
84
794
510
195
751
336
736
170
308
78
278
524
309
836
605
798
742
445
748
551
542
609
26
683
287
679
571
619
578
931
489
850
537
858
913
848
447
691
632
643
365
573
992
730
995
17
251
447
564
355
181
500
219
299
142
642
168
804
893
739
188
390
730
490
777
870
902
235
741
732
326
145
363
577
755
718
183
12
311
155
132
990
795
7
986
487
78
176
608
543
342
313
669
865
103
592
180
628
522
827
990
876
92
673
293
364
702
643
36
696
689
826
479
956
323
763
615
436
145
583
636
651
656
507
757
537
27
602
210
106
84
687
226
439
384
843
798
639
916
979
328
974
113
40
715
908
40
851
941
358
815
212
684
559
226
348
456
341
300
611
812
958
625
221
754
629
451
967
313
588
191
6
225
767
391
908
918
826
576
325
856
331
896
967
816
790
974
149
893
98
272
815
953
887
923
563
896
673
125
744
556
938
671
755
385
709
110
176
985
964
372
637
531
944
461
91
308
159
349
434
563
812
680
148
16
562
335
550
727
497
409
1000
352
2
33
820
378
689
679
250
575
988
328
924
823
737
806
977
689
115
910
905
918
398
798
765
734
929
476
830
974
183
800
359
362
510
112
472
926
583
195
473
457
62
757
199
290
152
949
343
442
123
976
290
896
771
197
203
951
330
275
409
391
714
680
635
742
277
390
84
26
585
431
577
197
113
606
918
944
798
914
808
530
925
192
893
528
821
973
90
42
974
410
223
696
576
122
102
403
758
20
647
820
198
990
88
954
532
446
165
519
328
873
226
822
706
983
993
331
187
580
228
792
91
481
928
917
559
804
129
80
121
593
334
57
613
222
975
583
762
329
806
827
258
785
415
957
61
938
691
598
72
183
228
668
861
983
713
520
87
191
934
615
83
672
165
505
930
786
754
974
777
960
296
138
158
69
589
587
834
985
352
178
454
336
306
565
767
528
803
554
467
228
517
900
223
780
725
598
932
307
216
503
696
270
400
666
707
57
735
816
488
746
571
359
31
559
639
617
780
21
251
965
274
42
486
931
559
391
582
742
984
223
426
756
681
307
357
781
3
400
962
734
617
948
465
506
725
148
520
327
781
490
770
248
153
174
748
748
234
384
677
594
516
556
793
438
276
569
29
257
34
900
103
475
203
293
402
984
597
147
924
42
461
351
591
11
891
437
735
942
96
465
452
870
805
130
740
177
674
708
757
830
973
359
162
783
119
613
501
172
584
411
728
158
850
156
677
959
511
939
836
493
571
79
345
349
661
963
290
39
795
856
417
663
461
538
212
86
935
830
25
509
8
241
889
862
732
788
681
136
483
990
898
213
1000
368
17
207
704
726
295
626
326
195
865
981
941
920
802
4
280
45
162
659
496
541
355
693
741
431
175
189
540
135
216
937
627
30
554
349
155
54
49
575
977
925
747
239
886
636
220
737
226
350
37
296
873
508
960
930
731
110
404
803
816
619
381
901
211
272
325
987
451
102
667
730
522
279
152
919
23
767
790
427
761
197
511
321
463
1000
181
707
235
826
808
65
327
941
328
469
956
219
164
382
921
439
170
23
100
585
279
562
53
50
499
819
812
67
352
429
262
337
938
740
453
232
27
440
462
554
868
491
420
261
113
186
224
584
106
807
75
996
892
122
334
777
166
688
597
48
720
793
566
531
426
302
131
761
380
136
685
316
158
865
845
737
849
935
684
592
921
925
905
165
459
329
963
287
487
863
812
415
307
381
104
93
944
13
595
207
155
474
310
439
164
602
672
5
82
515
495
681
118
514
585
775
667
655
407
55
908
580
708
832
935
425
611
253
222
164
454
883
366
655
292
529
847
591
282
783
130
342
612
258
728
629
770
156
208
967
548
999
977
82
479
664
332
137
523
497
895
555
275
768
7
611
93
997
363
553
576
873
26
927
405
303
466
815
38
201
252
973
28
179
343
851
107
1000
768
460
72
69
510
250
523
160
582
670
689
645
655
518
630
497
640
143
423
213
486
958
268
997
661
976
392
654
56
210
297
304
711
2
169
134
896
386
581
661
349
604
951
327
891
478
912
463
815
10
619
797
986
529
938
728
856
512
543
234
300
919
558
700
441
491
683
836
211
959
531
7
713
573
75
462
985
174
851
587
509
576
633
161
253
856
872
941
157
897
145
643
100
140
453
334
34
39
624
986
60
17
881
348
3
723
595
298
613
324
365
