994
280
303
918
28
91
397
122
516
888
186
614
549
335
822
859
432
678
506
126
916
354
658
652
315
322
309
710
20
321
862
494
852
154
29
672
410
626
287
151
173
856
840
108
438
103
443
166
805
405
796
32
381
275
423
378
757
990
941
794
649
607
209
145
220
484
446
758
121
173
948
207
103
21
410
441
689
362
637
464
302
555
45
656
731
12
580
991
402
951
388
883
856
851
288
98
48
893
352
788
229
260
788
335
92
242
619
678
220
821
884
431
160
588
102
542
836
524
932
497
663
70
969
738
735
926
589
934
746
533
143
384
728
271
761
100
80
93
2
385
112
845
123
246
423
630
88
968
784
7
961
590
933
263
605
908
371
457
893
4
939
537
108
130
589
257
361
429
913
440
207
88
398
971
970
757
761
592
783
561
620
106
830
284
798
789
427
89
882
811
181
730
494
971
846
316
770
151
895
432
937
452
55
915
557
791
590
396
131
914
416
186
239
96
179
216
457
605
9
201
939
689
179
961
66
473
504
80
923
467
952
815
813
227
109
88
43
716
497
782
903
448
569
841
305
970
49
105
204
589
183
621
542
471
988
172
446
648
844
334
383
493
281
892
189
852
688
132
13
300
589
587
256
217
988
917
389
492
128
509
83
398
370
766
271
517
914
682
789
698
211
546
503
303
970
934
690
682
333
580
115
761
323
655
604
60
353
328
139
603
994
337
378
474
680
786
646
993
119
403
706
263
50
99
319
252
582
380
78
781
172
551
393
623
587
719
733
270
148
120
797
576
449
194
705
848
334
604
468
783
699
942
193
64
484
915
247
85
951
395
860
243
891
517
810
596
526
872
241
460
79
228
665
98
853
579
752
104
33
789
380
80
485
443
134
218
989
999
556
387
584
685
856
827
303
827
445
521
4
163
499
853
453
417
643
993
64
874
399
598
11
389
121
737
280
13
528
644
961
370
474
656
269
449
718
665
638
94
492
459
739
724
723
761
513
530
487
515
572
531
424
831
785
537
954
31
343
305
75
897
794
716
180
63
69
443
212
190
518
412
350
520
509
70
295
60
146
224
248
737
908
3
747
959
935
728
682
62
997
651
197
248
385
594
134
86
812
624
963
12
654
235
530
154
50
705
252
809
571
794
685
913
809
710
536
151
137
16
310
597
819
780
483
499
192
19
572
788
729
940
281
545
179
516
100
325
428
843
573
685
67
756
607
440
622
600
371
477
831
220
899
815
148
116
532
956
799
69
271
686
768
568
567
610
495
468
77
161
175
392
314
10
889
197
194
966
911
481
386
734
614
868
889
412
899
332
25
176
471
491
961
165
695
516
61
463
873
617
602
934
299
567
5
538
527
623
295
767
257
311
655
202
72
855
373
966
505
33
988
462
987
270
898
239
218
805
858
539
566
668
596
352
986
267
84
986
902
643
323
462
246
245
998
603
298
566
924
494
301
115
505
287
370
82
419
935
973
634
486
827
116
441
477
291
717
326
989
801
677
340
717
476
210
47
823
225
476
674
633
55
504
190
611
840
974
977
248
538
592
156
65
330
882
116
809
987
621
568
512
199
701
954
327
97
871
638
166
581
864
732
130
442
990
631
110
585
183
546
549
35
996
497
967
462
580
173
375
940
121
355
567
434
757
387
410
366
370
625
760
660
584
200
687
54
206
181
23
406
654
563
663
839
822
603
503
814
464
942
195
667
475
394
853
702
190
58
131
234
893
579
429
400
518
743
169
985
771
124
238
234
603
881
880
268
66
687
560
550
62
246
962
616
157
115
567
201
578
930
295
926
228
471
540
832
102
394
705
483
197
95
874
335
56
211
367
8
817
170
464
193
259
117
576
201
352
378
381
278
900
588
708
532
499
941
288
854
638
251
583
478
881
604
870
481
213
106
759
937
539
678
951
304
736
314
710
288
201
60
335
861
55
92
180
171
357
812
12
626
538
866
532
282
681
138
350
748
487
455
65
825
754
426
471
961
171
371
206
638
703
153
586
985
353
539
400
356
988
254
726
62
725
0
872
321
279
164
50
295
669
717
849
23
59
280
417
445
810
676
62
717
654
593
930
592
493
223
344
550
130
842
863
664
653
342
178
33
883
777
216
720
613
446
848
643
707
562
944
42
123
377
934
881
209
458
60
394
947
992
661
35
205
61
538
968
223
669
181
898
900
688
155
552
458
376
212
826
626
447
951
877
684
382
512
963
620
696
9
325
527
971
256
461
47
531
971
504
299
418
680
459
658
825
574
409
324
60
650
297
406
102
