865
56
299
553
800
329
438
985
525
283
368
190
861
627
436
848
517
435
294
877
918
353
828
831
67
781
442
596
236
958
481
174
278
495
206
485
546
357
19
459
789
204
980
238
922
13
705
530
282
231
35
211
507
206
261
83
130
966
270
936
933
579
823
504
627
27
639
284
10
29
826
381
364
213
293
548
666
822
413
863
525
750
519
75
929
284
490
33
553
970
342
479
339
714
221
456
660
567
974
905
981
533
943
674
939
800
536
26
313
72
566
696
533
536
499
389
62
43
479
384
159
472
215
385
583
198
535
724
464
291
45
299
45
555
287
928
108
132
367
561
622
24
185
343
76
586
16
536
846
82
993
499
3
958
490
521
353
219
510
916
643
606
226
825
81
74
366
244
842
502
947
272
394
313
584
819
67
816
888
395
222
130
346
515
576
441
195
704
488
107
835
840
295
379
594
311
621
778
309
491
62
882
756
727
453
371
869
378
293
784
870
281
829
782
803
291
63
413
389
877
537
924
628
465
653
800
577
965
443
995
5
799
277
607
649
803
406
91
333
362
148
660
789
140
776
430
246
69
97
442
176
855
462
483
208
385
414
16
935
805
109
900
826
729
980
132
943
496
707
542
335
655
585
709
667
403
970
290
181
190
405
907
905
67
362
719
371
94
783
109
97
651
246
353
278
315
59
110
192
849
265
871
340
553
34
289
268
499
770
606
263
343
87
598
769
914
610
179
481
357
710
827
995
728
258
100
821
818
840
976
229
728
870
374
68
295
552
793
548
776
858
121
802
181
809
238
176
440
201
46
873
137
264
579
500
127
390
797
488
654
723
445
628
864
605
68
135
46
814
493
137
503
415
949
266
883
898
602
826
773
863
908
94
139
775
472
966
366
300
12
655
674
329
200
472
947
147
525
321
5
467
580
540
922
656
282
916
880
465
486
490
862
796
572
966
805
800
87
216
668
863
53
871
489
289
551
555
145
450
633
571
961
134
984
92
785
561
242
493
539
809
815
386
178
406
720
130
235
581
859
735
24
150
511
14
314
341
180
380
308
121
604
327
50
863
322
254
289
856
139
182
248
186
600
615
285
885
389
838
510
549
898
662
318
781
689
225
423
541
68
443
161
413
201
727
951
497
713
281
746
130
971
578
251
105
225
135
619
826
350
415
787
417
249
115
789
678
996
184
956
410
995
516
988
26
718
662
320
370
670
984
608
141
813
444
64
143
782
962
476
25
609
261
803
80
161
513
526
18
777
387
729
972
151
605
326
51
143
33
675
261
71
916
238
900
208
879
277
91
346
229
241
620
499
524
533
893
642
765
758
610
315
282
596
451
8
347
148
874
134
265
715
230
217
302
412
530
206
950
851
766
632
426
422
914
349
924
51
711
185
597
73
154
233
681
397
675
681
249
523
439
985
499
988
234
80
507
843
468
19
607
51
365
708
801
162
253
284
133
759
422
75
335
40
930
57
609
267
707
261
199
298
273
141
454
948
534
412
825
45
9
178
68
520
39
261
710
362
938
75
171
259
108
619
676
90
979
15
317
962
280
648
276
207
490
285
584
937
229
424
442
873
294
114
819
456
893
955
389
600
828
200
156
121
201
400
106
948
729
772
922
472
568
641
602
857
593
25
267
183
231
163
971
333
106
898
111
973
55
364
931
372
839
875
388
249
835
364
224
333
605
276
762
204
329
526
287
477
52
330
894
993
83
556
736
828
286
755
810
997
922
139
77
160
761
221
756
300
201
777
607
936
14
892
736
2
547
945
111
220
105
872
62
209
651
698
194
338
967
167
37
343
178
202
771
752
445
191
737
126
78
754
115
112
648
632
777
579
371
225
25
843
335
856
306
225
615
311
532
160
389
160
753
51
89
564
349
653
185
422
415
40
541
888
313
16
748
288
823
946
811
45
830
155
376
733
386
663
799
187
849
745
486
4
238
889
211
379
590
455
238
479
241
958
325
110
127
967
208
754
317
986
436
122
959
475
843
957
691
916
258
377
367
512
234
313
220
672
296
977
351
452
949
477
520
745
78
355
76
734
337
436
173
378
91
905
563
119
368
416
102
66
847
427
306
724
38
328
240
927
778
621
252
422
427
695
605
389
599
400
941
805
279
662
138
928
307
806
797
442
855
675
507
23
93
113
370
653
64
511
659
691
119
399
232
119
201
263
224
519
151
866
868
49
142
394
227
249
946
825
201
827
251
700
697
764
126
949
160
28
999
327
424
597
315
365
350
752
154
571
540
542
890
461
93
595
67
520
338
317
