517
736
701
454
258
37
186
489
442
627
699
988
51
601
582
899
606
540
148
698
169
635
470
66
680
220
257
704
782
383
197
146
600
677
414
693
164
942
553
271
362
284
945
712
26
908
517
984
742
258
684
248
345
519
740
837
791
158
992
658
827
769
141
31
532
974
897
562
234
794
891
785
991
19
769
377
963
41
259
399
473
933
889
870
351
614
839
462
981
67
926
278
230
400
615
269
139
505
988
989
49
324
181
518
943
726
238
725
889
756
216
209
568
70
47
977
44
177
587
392
42
1
181
805
575
390
114
256
375
847
136
922
761
336
890
850
544
111
902
3
536
355
337
233
218
113
971
295
388
574
165
424
832
520
254
804
857
52
2
2
561
797
62
294
955
617
141
290
632
111
702
912
322
322
33
532
504
762
984
648
277
768
70
195
980
420
600
83
753
77
984
4
300
281
401
212
269
748
426
370
332
98
520
158
171
256
48
428
122
999
531
4
431
602
456
446
15
621
649
31
240
772
635
361
76
655
842
120
291
462
866
372
700
383
242
346
584
337
531
807
56
101
27
755
845
562
992
564
617
172
116
913
903
293
757
449
443
871
910
56
289
102
373
395
1000
693
499
561
188
178
724
285
102
879
348
701
155
574
446
659
692
487
218
512
643
848
508
757
630
110
186
303
521
332
694
447
506
512
101
718
812
3
559
799
980
982
378
406
802
831
412
494
725
399
111
545
793
854
695
337
180
809
739
937
839
511
480
87
48
823
650
302
365
617
455
893
455
385
312
632
97
845
634
706
379
557
797
53
887
456
693
514
187
717
170
691
622
853
61
532
973
541
4
818
985
185
950
758
90
651
47
350
421
611
72
210
238
335
836
164
467
170
750
958
872
957
236
868
851
20
74
187
945
258
195
366
991
294
548
604
663
306
740
29
594
632
965
878
508
255
355
21
942
320
361
184
208
458
30
308
381
537
703
597
323
67
549
116
781
741
214
653
146
220
637
296
232
750
295
5
728
407
579
431
29
410
178
756
573
357
704
702
580
241
943
252
130
100
840
857
926
208
89
809
42
22
867
203
574
941
109
563
388
103
968
723
824
228
190
269
835
786
624
195
75
755
841
876
860
274
45
747
296
272
552
40
447
700
170
543
576
122
55
492
458
144
952
948
555
771
646
858
323
433
150
905
241
530
704
287
880
623
120
244
959
413
736
6
515
69
325
717
15
574
185
318
182
504
731
207
987
904
421
377
690
323
766
147
286
948
838
326
488
287
71
949
721
5
146
957
542
625
753
600
641
369
124
766
319
137
481
615
183
813
475
448
882
515
397
308
302
102
205
50
383
762
341
122
148
810
752
829
300
629
771
11
326
509
787
692
421
694
786
126
735
727
369
916
10
356
978
205
54
279
271
540
960
234
707
816
770
549
799
47
355
196
742
115
494
613
631
390
151
923
939
916
256
839
518
12
751
5
100
847
908
311
321
69
755
318
384
838
167
859
204
194
24
378
49
90
52
523
104
129
394
718
188
214
550
35
319
123
203
498
182
805
526
865
773
114
479
850
690
171
506
176
885
918
656
293
480
213
700
550
37
386
68
82
288
553
662
471
594
141
674
86
834
563
145
439
888
554
374
736
690
437
232
549
628
482
541
521
686
521
386
156
168
618
546
162
832
96
653
995
200
198
536
16
763
316
967
929
875
489
844
536
446
692
497
874
366
421
4
460
218
767
121
431
974
119
950
576
35
708
515
560
209
389
496
950
836
837
184
209
181
367
246
182
555
550
237
915
428
764
282
904
449
321
940
418
633
833
669
424
504
436
585
469
339
495
66
377
324
502
366
993
781
293
732
592
262
42
585
442
523
73
255
190
213
455
648
276
277
592
414
39
198
125
615
629
615
343
694
517
249
137
277
678
471
305
840
999
394
110
121
989
920
419
395
1
467
182
647
721
14
448
51
11
26
844
340
450
593
851
977
371
359
878
391
410
857
924
108
308
150
379
397
817
822
811
942
322
750
804
4
822
821
101
722
586
299
856
385
402
709
400
600
474
726
797
314
933
316
378
874
722
35
321
666
955
654
153
605
332
51
834
836
242
105
520
573
980
74
345
213
782
493
201
688
8
276
945
607
728
524
366
510
202
812
519
28
341
254
543
848
53
84
205
753
628
90
705
393
72
63
864
708
812
80
115
16
275
667
536
576
391
892
875
567
116
999
125
292
345
89
627
178
115
596
237
590
171
829
272
601
277
854
934
502
882
99
132
601
618
147
464
502
931
576
283
