782
259
792
151
693
119
888
330
52
241
899
956
43
718
828
477
531
542
34
353
335
689
743
548
975
132
299
580
35
627
568
339
513
266
250
701
346
468
450
880
908
456
750
637
533
899
375
348
319
311
371
100
662
652
207
157
604
322
335
835
343
635
745
634
142
535
694
9
688
980
665
393
298
236
105
645
339
781
538
552
612
980
922
392
241
354
791
811
87
9
750
650
391
183
394
826
88
453
686
427
729
897
40
31
493
874
571
12
835
996
758
766
161
282
914
598
489
372
146
562
488
461
754
385
101
108
103
238
440
180
82
839
180
246
370
940
948
354
783
145
85
242
592
953
333
118
451
151
615
500
156
257
993
201
38
342
632
516
523
48
513
59
198
247
224
608
749
609
536
633
303
737
785
334
72
588
519
380
955
103
344
734
667
306
144
875
182
9
953
159
489
467
295
718
137
989
247
74
832
435
122
593
629
253
827
12
218
168
294
164
808
331
794
331
902
296
206
695
824
411
335
887
613
817
157
829
435
331
50
796
931
895
984
484
658
954
841
311
256
110
88
624
842
60
872
948
901
477
220
85
410
338
577
157
431
313
422
643
166
717
778
837
677
393
208
183
270
636
751
717
229
271
960
940
645
221
652
581
213
431
539
727
82
53
390
497
257
737
135
910
4
849
515
621
536
617
833
540
874
172
918
818
663
811
1000
688
83
698
949
582
309
651
149
460
91
639
695
575
473
510
529
861
676
631
236
784
584
809
654
615
179
889
137
409
161
495
160
805
405
235
123
682
888
176
23
604
817
621
742
377
322
648
307
224
40
73
774
658
58
935
732
463
965
285
215
647
962
720
617
51
414
963
667
341
153
813
263
495
326
665
304
101
89
683
569
858
343
942
793
944
548
256
89
449
695
684
538
657
547
16
783
529
941
935
996
945
668
322
78
249
604
795
489
261
84
70
166
714
889
816
630
322
240
345
151
544
924
606
114
343
845
796
578
693
316
619
679
82
636
250
338
146
852
607
951
171
182
749
503
341
357
989
303
660
526
30
959
156
393
887
159
111
672
987
187
913
136
622
729
682
484
859
61
457
326
339
177
341
390
502
800
536
250
870
689
474
479
486
62
1
806
823
406
954
596
252
273
663
721
870
113
445
670
556
612
68
382
967
158
186
712
58
830
739
29
899
147
550
368
488
182
437
52
122
933
342
519
201
615
123
307
962
342
822
155
468
171
201
440
673
255
251
971
494
213
325
412
355
627
687
607
652
508
407
66
981
706
680
350
717
804
698
330
83
801
757
149
598
116
77
477
208
780
863
700
149
589
486
204
928
401
557
663
441
164
760
748
217
385
160
812
1
495
367
982
516
318
78
151
508
130
213
496
825
880
86
910
217
686
611
562
12
895
981
498
224
202
539
212
346
857
58
63
644
917
501
217
430
157
203
981
157
890
922
249
308
379
851
945
194
136
252
456
494
954
819
224
320
256
202
560
584
685
990
124
165
724
457
592
400
234
663
249
867
949
827
752
272
776
289
329
111
298
771
894
807
868
16
163
251
695
538
272
964
713
700
628
812
210
838
165
312
359
491
278
812
802
432
32
29
389
652
796
185
495
718
775
893
720
56
47
840
512
47
80
461
219
156
802
395
105
103
282
418
83
744
896
192
307
384
842
546
628
992
665
985
701
194
964
941
385
737
548
567
772
368
1000
557
960
302
644
970
755
913
625
391
843
349
761
496
122
891
608
920
704
825
978
92
344
953
666
748
907
371
909
577
163
738
307
494
195
844
818
188
656
621
306
347
951
238
993
645
866
393
104
123
791
547
215
822
730
330
987
109
96
235
922
91
903
66
47
853
698
14
985
743
823
69
47
944
409
253
253
748
401
633
827
782
558
8
972
857
696
140
506
328
597
722
619
957
794
306
528
387
757
289
245
454
231
207
406
252
470
821
129
603
819
0
766
961
246
237
529
584
688
242
741
487
317
260
735
113
551
64
284
297
788
333
143
114
267
840
433
386
718
906
754
561
729
768
823
425
945
163
471
643
78
818
963
17
14
445
157
136
333
658
774
80
124
704
387
615
360
165
970
670
694
564
741
715
304
295
658
649
216
371
265
751
382
185
715
637
147
337
361
687
514
827
445
628
220
299
727
312
947
124
602
353
805
37
497
201
368
665
898
936
99
74
944
132
939
169
798
918
807
688
673
439
235
324
887
280
209
199
219
220
897
522
778
191
197
769
579
789
462
64
486
425
724
227
257
173
104
573
789
340
881
159
218
977
