663
822
894
837
770
660
849
79
19
680
853
984
311
928
136
824
248
630
372
795
681
95
263
858
387
154
788
798
30
732
707
165
482
490
80
931
222
330
697
831
513
11
984
334
990
975
230
190
811
95
987
256
588
9
216
839
80
56
765
960
675
617
563
92
695
353
211
855
879
623
207
808
334
212
894
948
146
874
960
60
827
628
272
562
803
931
869
17
607
725
249
604
3
715
426
855
610
561
349
995
661
442
302
82
422
854
301
223
896
225
456
384
878
758
202
844
662
267
222
188
431
938
397
898
119
403
905
903
376
126
181
447
166
58
673
618
940
225
422
969
599
62
126
868
679
535
21
108
504
105
599
536
283
815
86
797
184
518
914
839
593
886
317
994
848
929
569
679
514
206
508
652
83
660
51
673
855
203
688
806
503
661
651
315
286
60
599
284
110
444
307
412
333
399
442
400
56
614
731
792
762
208
913
904
978
529
825
6
677
696
337
880
266
792
706
411
230
81
620
988
256
292
384
575
42
172
664
777
924
324
680
422
20
390
592
671
750
884
635
27
659
128
467
553
339
449
170
558
896
944
674
438
205
445
710
721
967
884
819
847
331
927
862
214
551
256
283
513
314
330
640
690
819
392
41
329
732
598
179
591
288
356
571
491
164
267
861
406
263
669
894
115
394
634
910
162
450
16
399
97
785
979
418
136
438
623
223
768
733
260
899
145
610
827
746
350
703
937
708
322
141
922
419
59
758
303
971
430
89
271
357
132
231
44
522
775
456
726
482
298
613
548
722
78
617
268
452
538
640
931
450
901
68
477
757
799
569
496
754
443
860
426
123
603
352
252
657
328
468
83
178
131
44
107
972
965
552
58
648
429
454
143
863
99
263
58
542
155
461
834
733
589
466
265
465
426
418
908
49
348
232
477
561
604
146
217
690
50
462
267
387
710
886
303
225
779
187
286
743
698
916
950
136
95
558
771
531
726
353
675
37
858
868
206
647
651
597
245
484
800
52
400
756
854
549
684
365
264
564
112
910
816
449
934
622
337
460
328
378
967
808
5
55
787
939
29
107
330
513
142
999
168
114
203
611
840
471
507
869
94
980
169
682
572
0
761
256
349
786
764
837
116
584
648
385
270
440
71
568
863
480
140
283
418
777
102
727
750
593
721
174
779
646
46
364
79
849
274
658
639
298
103
807
138
572
454
588
120
387
328
720
748
293
123
548
226
764
577
966
469
559
748
621
806
134
864
597
311
518
965
911
425
332
865
15
149
191
44
251
741
891
131
160
971
105
355
913
527
250
649
255
298
923
633
112
675
134
568
2
898
371
798
964
478
646
380
753
441
774
836
574
807
752
419
95
485
942
638
19
750
989
589
387
918
896
389
282
17
932
324
159
829
305
343
877
762
16
391
888
593
978
396
228
322
880
56
490
825
64
77
424
78
167
378
927
634
186
177
924
244
979
469
405
604
698
24
62
542
209
802
592
629
631
965
745
910
237
200
186
522
825
399
310
726
906
472
400
605
982
867
208
293
493
815
409
458
195
683
398
389
454
23
844
753
112
717
291
971
300
756
33
20
97
226
354
790
158
165
474
987
154
533
169
796
680
764
818
324
304
587
476
30
815
709
857
164
690
991
257
226
0
354
223
266
413
552
664
490
873
64
412
421
777
817
664
658
732
463
838
684
159
509
774
951
652
972
53
423
80
155
485
853
592
674
282
959
209
92
205
509
54
661
927
186
496
559
645
811
143
788
409
522
688
999
480
433
106
58
430
153
859
836
216
209
778
327
4
75
765
560
478
762
601
981
481
390
629
406
30
629
672
515
287
552
380
512
455
704
21
94
453
276
494
35
657
264
117
249
458
953
560
565
249
514
397
561
502
456
195
693
890
67
286
947
913
959
1
359
883
143
733
483
797
251
41
771
270
83
726
959
60
465
81
122
321
936
749
483
190
298
618
346
401
369
241
349
69
996
426
317
123
452
248
210
894
945
348
623
80
544
466
46
29
944
876
382
267
269
264
664
183
279
939
926
426
509
107
75
133
600
624
554
189
320
331
302
136
696
49
605
754
942
369
12
699
332
581
110
373
130
736
411
152
759
77
127
967
520
695
850
98
620
854
837
215
881
520
815
388
186
988
477
106
518
88
578
546
920
835
908
358
954
979
517
93
150
507
337
417
23
852
729
91
624
524
477
618
528
496
737
653
767
524
591
231
224
954
459
111
531
340
127
492
685
861
607
833
321
826
52
357
820
779
464
369
514
110
619
419
952
