743
678
128
657
137
494
207
808
887
138
311
11
40
353
670
349
594
455
893
716
138
677
356
653
846
847
90
974
238
530
750
973
112
591
772
977
290
165
652
573
307
722
321
170
428
42
543
853
183
50
299
183
53
609
0
652
678
0
660
271
909
786
562
423
860
629
489
140
912
405
567
987
884
745
827
854
97
56
699
551
475
785
778
448
769
909
908
308
812
250
364
122
937
440
994
426
958
498
418
221
831
79
293
346
162
110
709
623
650
89
325
551
661
462
458
100
814
565
781
26
252
596
784
795
604
776
233
913
100
977
731
155
644
787
122
31
819
136
477
608
384
278
219
419
881
88
251
172
373
660
224
993
4
533
242
214
183
966
611
962
618
189
28
115
868
505
277
269
668
448
562
947
316
647
139
491
420
730
533
304
718
615
219
832
341
771
462
122
227
304
258
733
450
958
814
740
616
142
332
726
639
369
42
224
353
260
718
65
667
515
199
688
16
519
572
884
835
976
233
601
562
369
958
441
179
779
735
651
173
25
990
434
810
838
698
473
679
42
932
804
411
994
167
702
46
685
484
189
746
271
639
175
548
970
774
138
226
997
869
843
878
114
929
966
472
539
189
500
898
687
105
523
117
461
497
725
688
233
918
256
515
502
13
688
890
765
414
626
39
423
806
405
276
106
919
796
816
932
214
839
9
289
858
546
727
582
264
329
233
533
940
299
881
170
634
629
351
808
28
330
158
243
10
465
312
707
624
899
76
886
530
819
706
912
677
844
649
909
372
691
160
371
368
91
973
126
173
715
835
878
245
883
245
576
371
254
740
17
577
923
453
470
174
823
237
735
532
322
727
114
68
272
361
37
576
264
52
751
500
914
861
939
647
460
237
740
392
635
855
612
904
764
100
36
339
652
637
244
624
936
789
452
726
141
84
9
235
31
536
190
445
55
483
360
859
929
977
203
841
746
868
287
927
635
133
650
575
228
638
451
53
122
1
951
12
208
894
404
398
354
845
122
643
950
462
448
42
157
584
743
709
12
571
59
463
100
332
274
266
156
245
847
922
834
78
323
848
954
815
569
765
998
466
745
613
675
665
890
286
497
215
924
946
102
442
102
92
57
363
882
397
993
593
790
823
754
640
863
192
996
320
589
661
233
196
115
88
310
405
261
251
93
849
726
726
632
833
649
642
972
367
666
816
655
962
182
685
21
196
114
912
394
120
992
299
619
639
818
834
930
305
52
649
67
281
861
799
347
613
178
177
421
832
298
444
369
974
303
641
29
857
963
586
387
252
432
724
894
22
11
296
555
879
350
852
755
809
419
681
860
0
72
966
618
162
164
579
408
478
525
789
426
453
601
118
483
112
87
722
195
496
164
308
1000
796
417
72
809
724
186
593
216
634
264
803
109
421
510
116
378
36
274
877
907
740
91
101
650
256
640
328
118
538
483
89
882
667
114
559
154
98
538
594
536
304
600
189
167
982
407
249
56
568
997
795
872
664
105
296
873
34
20
516
486
670
633
505
280
547
301
861
510
898
887
356
181
437
842
611
128
96
371
47
576
966
571
618
287
342
847
588
671
489
582
692
454
779
138
275
615
839
833
28
625
174
41
62
265
598
119
911
770
492
353
974
99
638
171
398
607
472
686
33
34
859
355
1000
554
372
230
850
394
450
613
959
145
423
498
611
951
397
722
361
358
875
755
868
210
237
973
176
486
292
827
663
4
917
484
736
22
506
687
115
931
160
764
596
440
505
870
580
516
885
222
558
515
811
801
161
30
118
810
886
953
790
170
505
408
493
755
945
659
687
561
500
736
752
31
492
808
132
616
441
100
219
358
959
452
227
961
950
705
931
264
856
841
961
528
440
520
428
775
419
872
599
910
395
807
641
625
72
761
694
448
773
736
260
370
45
329
340
288
837
918
986
399
739
204
861
237
20
501
693
839
0
585
977
596
653
832
283
751
669
377
442
913
494
945
98
445
823
538
411
762
448
53
13
480
762
78
852
525
425
79
938
357
540
388
13
700
279
990
681
97
66
87
69
198
888
155
670
282
423
575
884
470
403
621
650
374
932
638
894
688
121
759
228
138
500
978
114
926
474
141
562
321
936
820
837
5
19
917
878
52
919
754
629
459
162
435
275
597
535
655
961
64
552
372
961
688
897
673
894
302
806
342
989
780
711
713
914
253
281
909
832
599
777
426
351
408
134
814
171
402
718
231
319
419
40
975
394
661
188
947
737
682
613
127
415
191
486
164
193
466
820
717
434
911
38
723
