151
326
459
934
385
162
553
673
647
793
593
221
360
853
932
569
224
448
567
973
790
804
427
371
52
506
651
262
36
96
49
881
969
347
478
501
923
190
303
240
186
187
214
177
90
967
692
855
296
437
59
844
921
204
748
772
566
999
395
759
21
353
349
566
562
684
101
351
869
920
47
723
537
747
96
391
98
891
776
593
817
34
195
371
106
452
754
412
785
586
772
666
139
446
740
718
204
326
170
681
297
916
627
601
804
242
924
718
988
392
506
208
881
657
902
295
599
690
814
63
828
69
189
640
614
570
83
16
427
514
163
547
687
68
521
286
161
336
236
645
735
928
82
370
658
386
472
559
268
423
706
263
782
671
303
331
29
4
216
646
635
356
710
855
432
770
582
755
661
630
420
690
288
173
181
457
520
874
962
400
274
31
940
306
187
396
164
228
869
82
505
916
425
394
699
312
731
240
111
820
625
928
84
43
551
417
82
619
182
791
862
975
265
426
729
733
581
564
622
971
196
142
163
480
767
406
635
512
867
224
599
474
342
347
861
612
762
718
957
368
517
902
148
817
0
789
345
109
330
180
655
527
65
353
256
985
949
189
502
726
712
989
61
717
424
783
483
362
69
670
81
208
465
167
215
736
174
472
964
619
300
297
585
605
821
558
685
393
332
406
62
240
79
46
253
439
713
568
231
59
668
370
705
493
770
657
205
146
487
116
683
749
464
120
435
69
794
235
623
276
941
648
253
309
89
83
287
256
937
460
416
919
826
765
442
409
399
100
208
474
427
243
9
175
938
15
717
985
779
551
263
934
776
883
418
443
335
548
535
112
165
36
387
80
174
341
3
149
656
111
40
212
192
742
774
799
927
914
908
890
170
12
323
653
121
212
946
346
372
61
825
720
702
772
383
785
470
106
391
197
190
699
608
805
898
632
298
79
787
469
227
799
330
219
96
197
765
906
476
70
930
385
915
742
516
735
145
559
396
472
628
839
268
640
528
686
215
204
593
855
775
673
215
230
972
610
597
392
857
874
324
428
676
746
582
617
560
375
507
723
846
799
605
155
693
148
372
39
786
354
557
537
452
77
323
847
582
210
687
269
465
525
565
811
207
919
932
768
71
951
47
337
77
428
318
539
329
10
96
88
461
368
98
494
194
58
813
36
399
284
276
388
91
547
316
344
484
269
40
69
506
603
599
182
662
836
988
702
227
454
491
390
382
29
803
807
855
137
911
342
568
970
314
511
554
832
424
18
147
126
562
879
1
705
446
390
659
352
999
720
190
68
625
643
156
573
23
747
435
462
225
400
404
263
848
351
609
576
690
615
736
389
85
163
447
627
548
286
226
702
992
561
574
633
824
631
786
541
556
303
619
630
791
334
107
277
301
740
909
240
835
430
177
983
53
366
546
602
658
392
510
966
584
455
9
998
497
742
531
881
859
517
687
250
394
364
770
480
139
936
705
173
788
456
407
436
681
640
378
778
426
912
140
405
851
849
217
263
397
742
286
20
473
376
238
726
438
30
837
794
555
403
714
306
42
937
405
698
760
369
959
670
790
772
299
233
222
438
172
97
871
765
605
170
927
807
421
448
966
549
27
275
760
35
817
490
145
325
944
273
273
797
910
183
455
771
56
120
235
902
727
788
739
984
245
333
259
133
411
398
494
24
291
593
420
21
702
398
835
977
25
105
334
156
176
759
555
757
577
69
129
334
595
367
109
168
877
190
379
286
960
411
590
590
556
751
757
201
776
683
692
319
888
980
262
322
89
193
226
368
78
741
333
645
569
787
357
990
656
223
259
810
817
470
543
681
965
819
433
534
964
428
724
924
827
724
172
737
559
653
921
43
384
511
781
538
996
82
859
906
196
53
503
658
76
647
478
711
950
363
15
417
151
68
192
203
884
415
226
43
701
675
293
606
696
775
66
751
688
420
700
831
102
889
735
417
781
768
873
163
466
883
772
305
806
481
637
364
430
769
128
812
882
573
737
761
326
169
376
204
983
950
959
114
587
273
559
378
848
561
494
152
532
969
65
676
296
156
5
44
899
771
514
536
873
182
1000
727
57
87
830
154
650
200
474
728
554
393
879
707
788
917
42
850
851
913
179
63
848
68
804
507
962
702
773
691
622
816
443
286
704
459
460
619
698
938
497
42
57
627
485
931
275
966
407
775
68
106
182
53
130
259
293
828
181
485
36
343
651
80
565
393
725
230
152
604
96
887
693
563
846
731
450
381
33
895
471
133
235
666
372
250
221
40
466
382
395
904
613
492
