488
955
979
552
985
979
793
619
227
681
791
843
225
772
735
667
84
741
885
12
484
747
682
570
76
299
901
724
852
540
946
51
259
151
446
958
467
502
348
426
224
908
684
311
793
751
50
382
445
857
100
122
61
379
102
535
586
83
881
851
386
344
514
80
581
584
268
54
688
14
771
896
901
474
43
665
303
288
55
271
62
62
431
715
380
680
901
924
762
668
885
837
125
767
539
881
326
486
231
578
446
228
202
769
936
287
426
166
400
103
424
729
988
883
934
18
146
298
705
489
430
481
859
51
122
639
401
223
444
400
202
952
932
349
661
558
16
650
809
847
805
718
825
439
487
190
481
623
127
768
804
206
525
205
21
369
483
522
353
568
821
491
881
13
70
822
805
920
236
504
378
144
839
531
852
746
942
632
217
37
754
327
374
220
6
148
464
58
141
558
240
459
759
269
990
718
457
760
278
18
311
772
655
509
50
697
250
729
87
730
834
586
673
72
921
998
766
373
591
8
170
381
86
590
979
431
300
345
380
675
273
256
387
157
661
393
313
974
503
630
593
134
153
598
415
561
167
603
74
300
500
675
786
980
475
742
668
504
15
65
411
269
77
123
993
220
891
978
598
114
891
369
481
179
884
660
218
999
581
559
659
803
981
24
86
832
437
977
402
225
28
747
334
463
159
584
96
586
863
516
595
533
368
996
902
822
255
171
483
439
390
97
6
457
890
110
713
387
347
93
104
933
667
217
962
55
704
936
751
474
174
958
254
705
947
48
856
861
872
675
801
31
590
39
218
423
665
119
45
997
307
560
192
520
294
403
231
959
147
798
347
263
363
32
436
651
737
20
927
160
249
995
199
40
507
855
868
627
782
439
34
375
451
356
671
475
199
447
216
415
533
886
29
816
268
445
149
379
644
986
285
538
143
420
214
129
892
141
115
904
939
929
316
146
213
217
748
606
906
645
534
489
146
59
304
465
557
866
250
318
515
513
594
680
330
80
35
589
792
738
606
216
620
341
379
346
710
453
468
870
975
396
358
872
246
813
235
462
678
415
670
798
164
370
101
290
718
81
218
61
621
613
332
347
755
372
675
379
221
649
100
277
236
107
857
36
697
697
238
140
945
628
22
771
955
317
323
634
232
719
543
922
34
917
767
208
488
506
839
258
770
322
756
398
304
630
151
459
570
541
533
978
669
809
455
197
793
968
31
604
389
52
14
932
476
474
571
646
512
405
681
686
114
503
891
354
249
353
421
306
213
812
78
889
377
412
914
121
659
904
491
535
924
280
580
970
834
288
337
954
271
489
783
950
388
187
383
512
520
667
827
665
81
638
29
875
441
173
939
380
419
389
628
536
239
755
966
606
341
785
315
914
985
789
308
40
627
332
468
972
276
120
608
9
826
5
914
453
903
439
645
136
674
803
511
560
193
809
741
254
730
136
679
923
685
511
361
928
928
542
32
390
783
14
792
180
532
919
226
377
828
926
813
660
833
62
118
926
419
637
84
70
385
876
978
298
155
890
49
271
80
112
666
157
671
146
258
10
264
182
5
761
505
87
823
48
29
930
903
515
255
338
69
903
889
445
586
77
253
368
428
782
147
113
975
15
505
777
260
744
271
128
530
374
998
957
830
263
514
883
215
517
372
426
717
375
769
372
1000
981
68
670
605
5
509
564
455
869
165
430
459
456
639
834
132
778
749
293
245
64
248
958
203
49
517
162
991
109
813
999
440
484
233
507
903
317
589
733
698
943
705
701
269
857
12
806
376
64
60
79
349
389
136
886
707
84
772
253
812
462
497
844
55
342
453
867
326
514
188
314
97
702
170
355
877
894
146
572
990
88
930
331
462
258
49
181
949
371
314
858
875
406
62
100
335
730
471
183
277
84
532
594
513
665
887
348
969
667
565
207
288
27
76
52
417
67
850
554
745
29
862
480
1
441
543
178
975
524
702
570
482
78
578
25
960
250
614
963
725
137
555
611
38
639
869
915
970
147
780
6
674
966
207
270
243
816
495
172
487
906
490
98
998
901
216
58
872
871
452
335
794
681
271
595
14
308
707
212
25
906
239
455
0
591
475
902
174
585
105
924
261
339
399
438
812
968
882
873
50
707
534
404
992
233
531
737
177
69
97
248
876
494
291
43
982
148
218
476
359
464
250
363
760
553
315
384
660
481
837
472
832
882
437
29
888
797
47
94
473
702
828
994
242
299
345
830
284
379
113
375
409
996
463
42
37
988
860
749
169
10
517
913
980
273
318
675
511
841
685
739
