590
87
13
568
271
581
900
392
106
725
132
745
570
610
487
686
390
346
189
18
925
80
954
36
735
189
617
645
255
511
147
680
335
465
318
818
817
289
514
445
304
78
676
316
353
190
913
868
379
541
826
674
455
448
615
256
35
229
133
926
827
363
183
950
155
154
215
821
547
902
365
9
402
81
939
142
227
731
780
920
317
793
871
284
473
427
325
832
871
122
85
403
436
519
523
467
723
202
799
682
854
196
51
117
122
717
538
849
694
479
305
638
599
96
393
59
272
339
802
901
990
671
332
36
335
283
161
756
956
106
433
219
664
458
343
154
713
726
470
533
304
598
462
697
99
249
687
615
821
958
396
725
690
536
883
930
41
479
628
741
954
870
675
350
290
422
618
645
168
770
130
400
950
804
70
559
616
512
141
286
535
360
544
847
387
148
691
324
30
911
47
748
180
725
579
598
418
238
41
333
449
333
356
769
68
880
984
260
606
638
843
453
460
696
212
380
4
210
666
616
60
370
742
980
653
109
276
707
936
46
565
783
873
706
590
18
10
606
567
678
406
704
244
695
383
507
606
831
134
457
186
879
115
751
495
776
205
359
236
72
617
552
607
647
400
976
47
433
199
822
719
565
820
850
8
588
582
831
614
792
41
174
593
576
212
841
292
332
31
334
631
638
774
994
334
651
810
125
794
754
473
843
212
328
782
394
756
847
881
999
138
141
832
338
254
507
320
71
266
705
364
439
62
75
651
577
758
245
252
157
613
245
208
481
682
63
334
688
376
44
231
128
763
121
878
971
759
582
448
600
372
622
524
369
907
680
427
228
97
184
812
799
241
14
993
355
94
986
417
355
311
750
0
965
994
48
559
266
842
177
47
137
778
170
376
515
563
260
650
44
244
654
847
19
399
66
305
201
126
546
722
864
284
794
473
934
982
31
402
374
740
638
494
857
369
893
492
47
280
36
610
495
924
46
607
366
159
853
227
347
999
816
743
209
672
317
66
615
319
833
291
171
4
149
44
86
93
359
574
169
656
976
610
769
253
74
382
37
699
685
631
21
117
884
494
172
183
539
957
385
108
380
459
345
506
813
754
739
581
641
744
470
795
10
915
29
774
324
264
794
732
326
59
711
572
955
751
777
301
436
92
963
730
849
136
792
285
376
706
587
838
453
118
136
81
823
255
836
582
531
803
871
23
357
295
472
347
697
268
479
964
560
857
847
487
126
268
605
862
102
529
732
800
578
719
727
736
987
766
233
98
148
835
763
733
198
192
515
725
296
630
705
301
860
407
370
857
316
253
704
152
192
91
37
443
937
950
22
377
836
694
683
638
75
513
975
501
808
469
212
452
576
460
953
143
241
710
691
339
842
54
469
216
300
9
917
993
280
338
844
836
948
834
340
721
522
198
582
269
728
324
340
374
613
82
802
357
796
10
222
444
140
661
581
128
649
245
869
761
465
223
730
533
242
252
58
844
771
196
629
94
868
618
974
704
703
786
223
809
78
309
963
89
139
781
855
378
978
387
286
885
956
379
177
909
748
884
491
765
385
952
353
508
328
108
407
246
678
692
342
28
80
405
67
471
690
491
879
120
754
692
46
169
861
279
263
617
664
294
385
245
975
32
254
818
666
604
955
512
329
222
859
426
645
942
1000
230
588
133
122
846
481
937
467
974
435
75
509
439
895
417
94
785
175
124
623
800
238
363
783
817
65
11
24
679
454
548
444
37
868
1
366
840
53
840
639
321
412
509
519
81
335
220
596
528
863
640
784
43
357
754
359
742
201
115
694
83
194
104
210
619
661
544
282
85
753
566
497
117
849
379
334
400
368
948
15
654
381
24
780
33
450
418
405
834
889
593
432
964
824
873
560
7
423
882
920
295
858
627
172
407
642
123
319
610
706
409
282
857
839
449
704
963
56
106
101
305
714
675
254
556
291
567
845
518
302
975
743
524
456
164
419
501
568
209
960
436
479
723
802
244
151
208
694
232
742
511
484
332
616
840
505
28
23
213
948
593
576
154
426
23
330
708
965
495
916
208
618
270
101
549
746
850
79
546
349
718
253
608
607
98
981
468
562
717
578
509
128
473
798
588
729
704
619
157
903
329
433
865
496
559
507
321
979
924
549
546
483
29
810
377
525
21
938
313
278
247
896
88
988
198
800
882
514
791
847
554
166
207
73
853
52
945
9
629
83
512
263
953
358
204
814
981
547
298
433
876
539
537
169
395
414
625
459
768
803
809
75
302
729
330
980
631
665
273
491
540
363
224
969
