829
19
701
962
455
544
616
837
15
99
225
248
629
96
846
78
268
727
323
312
804
488
722
510
84
563
61
614
508
153
172
658
182
532
951
593
569
84
319
265
575
571
479
240
446
689
100
8
948
214
383
619
590
991
363
400
110
117
120
960
762
994
880
592
238
595
895
717
818
479
584
988
334
146
640
590
138
658
46
611
995
951
127
650
30
349
921
36
840
274
774
991
515
427
583
356
44
633
862
498
757
440
349
834
845
891
851
538
965
377
420
724
520
171
366
915
668
148
551
316
819
454
228
939
792
471
305
951
881
803
83
62
628
632
87
458
778
601
757
737
86
141
535
310
220
764
6
569
873
920
858
76
628
171
340
418
83
147
592
565
597
85
365
522
4
284
356
301
482
413
795
352
520
910
424
107
560
517
790
572
339
679
717
984
210
159
509
719
65
730
273
384
459
811
755
775
572
441
194
452
419
770
213
357
843
512
735
892
699
222
123
160
315
126
515
886
239
155
897
23
905
876
64
844
133
859
995
638
891
256
219
710
868
429
634
67
266
656
627
794
834
38
155
725
212
791
117
236
650
617
830
269
902
63
679
493
948
570
579
215
980
945
614
829
675
266
219
913
18
666
360
326
225
509
122
449
677
435
618
198
576
410
192
213
961
590
735
434
643
929
758
102
388
149
954
587
467
764
901
91
946
509
875
815
883
805
352
684
0
447
839
626
42
722
500
599
772
388
416
986
572
621
176
609
790
166
476
145
778
292
633
585
129
915
913
22
959
440
255
786
903
732
584
697
271
141
319
209
548
681
856
90
801
782
36
392
149
899
535
933
315
757
21
103
481
500
342
998
444
128
433
107
68
435
628
830
429
114
951
921
171
226
44
278
427
869
212
644
245
411
605
22
353
29
753
198
8
688
506
922
302
645
753
105
590
307
366
270
756
229
673
684
324
332
568
569
330
512
306
502
631
370
164
49
505
264
129
526
832
122
343
799
54
212
923
545
817
759
721
730
104
198
476
969
205
75
845
71
982
651
135
625
825
485
148
424
191
408
607
588
332
866
716
810
785
335
32
22
12
713
5
967
420
644
989
658
532
386
128
368
75
256
236
94
601
744
834
294
798
96
875
729
919
676
5
345
190
93
23
379
349
949
788
584
738
408
968
373
917
19
421
266
795
60
511
272
487
495
556
936
654
392
178
300
66
77
909
360
428
813
924
40
466
428
817
238
551
216
542
762
486
564
636
583
780
579
365
184
189
685
784
378
799
208
286
652
223
1000
398
833
745
273
45
684
451
378
725
898
401
449
661
742
696
346
921
539
523
197
681
20
992
293
906
735
215
261
981
468
338
367
491
92
646
651
659
953
211
304
906
622
489
210
858
227
548
753
64
136
837
807
572
54
485
922
644
385
997
417
967
410
185
194
209
721
349
990
197
613
696
59
21
673
601
807
5
249
825
412
452
103
373
667
47
211
993
223
422
394
907
17
204
304
401
101
584
503
820
893
15
397
634
13
512
934
506
365
839
196
59
941
460
275
627
196
440
29
496
389
687
62
300
217
543
686
650
247
54
594
444
724
828
177
242
838
545
610
748
904
425
825
723
965
667
49
167
363
430
761
652
585
754
889
801
257
685
116
540
602
408
70
581
942
390
204
864
495
437
271
902
507
715
458
641
197
70
981
42
952
486
35
153
457
322
478
832
447
138
532
274
988
820
375
459
662
359
195
479
607
256
33
699
83
838
573
630
204
481
289
687
803
280
150
835
37
757
483
583
284
652
876
585
236
844
98
424
106
18
424
204
416
852
704
765
376
859
797
106
886
77
546
623
728
586
370
79
475
404
448
32
304
266
602
217
267
696
249
896
518
497
722
353
330
586
110
39
285
218
821
552
28
345
272
23
166
971
402
733
549
397
174
252
229
454
417
524
31
197
454
811
973
980
711
326
214
178
871
251
341
720
448
525
196
996
986
615
30
775
81
809
726
84
772
949
765
381
286
345
414
789
479
104
494
154
810
434
440
196
278
912
318
341
869
946
856
463
925
588
750
255
621
111
509
54
491
25
117
854
456
108
237
250
349
199
933
636
170
119
438
746
256
456
748
233
666
609
235
424
473
894
521
554
994
589
453
779
757
885
697
897
344
696
479
486
920
689
275
423
392
369
502
976
134
846
938
128
58
749
156
677
230
322
228
675
940
831
761
674
38
676
555
463
195
101
591
117
592
461
621
831
114
911
52
459
469
655
610
947
777
664
273
84
31
834
803
626
549
308
376
191
543
