558
4
822
985
961
941
228
544
979
26
782
345
564
931
40
449
548
502
535
809
492
952
307
425
657
921
698
757
720
991
63
236
419
13
273
584
951
938
34
167
108
963
741
905
329
383
387
321
617
390
173
946
194
908
215
526
528
499
457
169
176
341
697
954
835
434
609
828
437
819
206
146
94
440
883
53
375
644
519
517
653
396
696
113
756
777
153
85
798
29
131
627
418
701
441
337
137
536
782
555
621
403
132
410
358
415
231
21
578
747
650
502
994
929
749
378
47
476
265
223
867
671
144
556
196
654
29
716
408
479
859
437
763
910
371
639
458
770
22
468
404
189
872
699
650
929
55
922
464
56
199
924
410
803
323
697
963
360
113
749
633
195
335
897
908
65
788
33
573
899
985
510
231
83
596
284
144
53
155
551
189
166
280
957
57
832
915
748
960
994
762
449
578
622
558
589
395
404
915
346
184
882
717
892
405
692
603
225
145
613
545
897
847
244
839
202
558
508
466
166
262
847
149
530
639
820
418
376
34
853
98
507
101
628
725
156
313
803
646
138
789
232
295
851
267
649
398
234
501
500
641
633
899
959
51
635
26
22
629
234
874
114
532
448
237
293
290
69
490
691
133
184
365
141
825
222
413
379
72
78
645
266
557
142
281
66
688
961
427
973
49
528
189
291
623
69
829
420
373
611
465
259
831
16
669
861
98
449
953
958
70
114
303
273
991
417
516
731
672
549
957
647
579
920
579
442
716
684
480
760
512
741
908
126
12
11
340
676
137
813
539
3
50
188
461
926
340
424
419
609
955
408
262
696
197
361
787
74
448
791
298
812
995
691
255
524
536
89
211
528
934
372
312
885
587
280
659
739
375
16
36
391
71
553
525
357
733
31
124
567
533
484
372
416
976
830
114
636
71
720
95
241
202
285
601
666
842
486
262
372
248
973
705
300
90
883
538
510
330
523
686
555
569
912
616
328
652
976
984
154
284
119
389
559
268
533
108
395
87
287
267
886
613
569
140
666
382
894
1000
925
659
76
7
606
510
593
352
797
821
905
928
439
676
500
106
570
42
524
97
747
355
119
845
200
404
680
602
102
275
260
179
69
875
766
174
132
668
349
848
187
672
186
341
191
589
548
734
208
127
790
494
768
221
361
721
647
266
7
870
76
185
119
923
760
886
220
966
615
243
766
852
411
752
951
285
776
42
42
804
408
460
454
744
320
425
487
735
437
800
878
720
790
672
497
779
535
222
766
113
802
131
461
696
843
665
9
472
922
86
694
201
422
915
765
145
117
328
331
994
73
880
168
276
513
698
129
431
715
360
283
896
119
612
469
479
369
948
92
588
154
385
6
673
866
299
64
691
463
671
324
163
916
921
260
93
330
616
243
645
555
434
903
582
395
181
230
756
788
877
539
358
239
32
455
854
632
830
170
874
969
788
851
562
726
400
878
492
33
203
110
43
559
121
220
67
234
748
81
891
98
316
978
650
186
546
368
748
139
750
561
738
366
834
634
576
570
481
673
626
455
59
261
807
754
86
15
440
423
853
672
416
762
835
988
245
47
248
307
787
851
670
919
632
173
739
611
780
461
821
963
388
802
566
723
337
905
706
457
102
709
54
821
850
523
828
217
152
953
109
533
732
91
834
677
173
572
547
28
598
477
162
501
336
260
828
127
461
580
189
537
226
405
20
388
452
434
879
493
814
349
612
240
643
556
615
370
768
238
497
88
501
661
277
316
405
809
693
784
359
180
504
412
733
789
665
263
229
47
162
286
464
622
765
410
992
574
41
366
252
796
570
534
51
155
40
968
910
954
166
884
126
85
216
161
522
932
883
739
137
457
873
650
190
476
243
120
997
536
258
859
984
791
312
72
108
435
170
379
513
336
219
881
670
471
367
387
491
568
590
223
211
680
236
390
563
377
395
729
659
754
474
93
886
480
985
448
666
361
862
288
92
468
894
229
525
532
713
408
613
709
580
221
233
954
369
330
195
386
67
595
714
830
564
766
461
378
889
66
967
144
541
587
294
796
505
45
231
48
991
451
500
384
264
924
158
682
860
18
839
742
791
606
267
420
184
508
477
466
177
984
658
245
238
351
787
767
144
556
166
324
145
629
311
997
458
434
140
200
510
909
234
844
57
225
930
148
506
609
597
630
535
10
880
96
45
82
802
843
144
735
942
746
144
392
994
610
533
538
795
769
243
839
139
975
774
710
689
506
133
534
307
373
503
766
479
75
6
715
695
584
963
389
465
758
772
809
267
631
696
415
