400
268
278
64
311
212
478
692
75
74
18
891
265
538
758
929
851
507
171
999
208
345
580
675
129
913
444
1
161
296
893
908
961
295
538
516
971
640
59
61
273
456
394
821
716
764
909
140
960
277
592
596
797
140
518
309
396
785
784
111
445
17
478
871
257
619
661
551
561
437
252
931
703
376
10
813
985
721
869
257
223
796
600
716
586
528
301
507
53
527
763
427
426
429
543
897
96
155
630
625
660
750
69
454
324
655
528
26
10
208
968
120
699
548
237
194
356
291
754
284
984
496
596
708
284
833
641
650
76
317
295
962
413
649
893
307
735
62
953
739
477
961
308
858
85
931
956
419
663
388
663
298
697
89
199
329
53
352
530
166
52
827
184
444
949
515
929
335
153
122
916
348
766
984
788
792
595
168
991
404
534
468
546
945
666
619
869
251
465
536
131
614
814
887
24
804
373
291
424
399
39
43
836
427
246
510
348
769
65
724
469
949
964
876
267
628
817
117
207
432
821
35
171
89
108
554
809
299
233
351
184
174
225
792
83
704
511
335
453
619
969
293
754
100
63
133
458
464
474
758
572
353
983
984
496
274
814
229
819
100
227
175
540
483
493
185
938
482
842
211
755
986
737
770
460
265
575
218
303
664
601
932
512
663
243
764
562
100
90
559
858
979
469
491
525
358
31
113
754
91
786
194
215
312
481
248
272
907
965
221
493
230
61
891
952
899
225
431
539
161
958
919
881
664
487
57
270
589
171
154
257
90
715
346
643
536
673
538
201
635
229
843
846
854
312
246
695
420
538
11
223
5
625
984
6
839
621
883
185
949
225
686
314
636
539
911
927
591
553
806
575
232
560
949
609
919
624
35
64
615
32
745
303
726
978
265
670
99
389
587
25
368
949
260
664
297
127
245
500
911
596
460
411
918
209
972
272
179
445
561
52
706
785
221
668
56
33
97
830
396
706
162
21
150
998
570
929
725
246
1
79
455
983
514
204
259
832
667
423
830
11
636
620
465
571
140
172
397
390
61
255
19
840
276
630
638
941
74
624
570
373
877
300
365
408
257
445
167
246
159
323
792
443
745
917
18
584
283
335
155
242
418
378
827
287
438
542
423
46
845
576
533
491
849
386
876
212
278
304
287
326
122
546
164
106
794
734
985
625
108
11
709
536
205
317
646
18
189
90
540
52
290
705
681
775
205
520
916
595
511
686
194
280
488
730
577
523
932
321
501
445
922
706
565
203
348
432
58
770
586
463
648
754
94
615
144
898
496
559
596
619
950
998
258
234
22
625
414
800
871
792
803
127
251
714
665
456
372
717
984
201
279
483
773
571
427
278
315
961
700
941
227
670
178
836
958
18
235
580
941
579
32
809
358
457
226
165
534
776
28
634
110
938
115
331
187
738
496
88
358
912
575
793
705
939
350
890
526
270
257
334
188
17
463
769
506
580
83
232
2
784
935
760
701
698
708
845
835
663
574
70
212
603
493
918
627
325
494
684
456
741
681
828
578
623
57
908
989
154
119
229
366
415
798
823
141
576
179
582
167
722
19
576
274
208
994
66
175
629
533
963
265
581
793
598
184
769
302
181
952
177
29
149
650
488
361
299
592
358
582
552
681
936
828
232
309
187
683
300
997
366
457
404
108
616
512
854
9
819
335
925
556
448
52
656
482
383
176
826
341
666
439
271
430
648
831
13
846
607
765
377
21
139
852
489
26
100
219
141
67
142
746
379
725
643
310
950
295
499
143
767
266
245
843
153
733
564
272
298
784
429
70
418
962
377
449
874
24
712
586
159
289
939
129
366
851
584
131
474
366
965
683
744
298
816
373
762
442
470
680
790
209
651
580
858
635
779
993
406
662
214
927
663
609
45
347
747
884
950
500
362
3
394
593
828
476
693
458
704
993
717
815
127
967
56
933
746
582
91
37
99
115
940
176
137
497
400
747
188
286
261
431
201
406
328
354
204
776
719
23
904
93
802
708
307
198
33
43
143
419
632
829
480
776
9
932
63
738
659
134
672
927
396
225
714
692
77
393
182
851
247
583
679
503
185
559
961
948
837
279
689
950
494
27
780
98
334
680
47
948
274
136
792
83
480
243
946
858
915
145
647
291
648
32
447
638
190
966
95
832
442
346
315
544
791
632
934
483
842
891
372
626
636
13
681
204
301
687
505
37
323
927
15
814
602
394
912
693
153
590
662
769
846
364
709
715
947
98
437
768
668
49
918
52
146
132
484
201
997
826
109
250
165
791
412
73
897
219
347
331
