995
200
438
762
838
22
760
386
828
622
775
405
644
933
844
918
197
444
270
436
650
953
889
117
798
362
794
785
470
74
165
509
455
804
719
193
341
545
99
301
792
959
445
127
507
859
640
187
399
735
363
937
785
165
61
154
791
172
141
785
930
151
572
767
717
629
701
224
259
126
707
146
63
573
267
534
699
400
346
682
674
369
330
811
733
992
19
548
791
194
410
765
934
601
756
721
80
391
390
988
634
86
907
513
243
608
241
220
85
861
743
124
654
803
224
814
886
815
41
956
864
264
371
902
377
488
990
276
360
164
772
852
988
672
565
613
477
108
246
309
51
330
891
138
471
120
247
494
834
219
439
190
912
429
60
902
608
128
159
145
6
330
130
991
933
709
721
572
91
893
187
433
315
190
328
538
53
918
604
397
627
603
988
481
340
55
48
305
154
996
757
595
639
955
730
501
156
402
515
547
390
669
928
92
729
670
637
926
878
987
401
180
879
392
92
1
899
106
108
998
656
257
923
240
283
48
283
515
928
994
864
372
695
330
749
965
735
506
11
532
185
290
321
97
764
595
350
826
82
402
447
608
697
908
226
459
824
527
170
61
260
724
983
627
898
228
104
367
225
94
571
177
175
154
46
965
997
189
48
803
102
906
926
889
889
401
108
471
848
434
177
736
457
932
290
100
581
546
321
525
873
370
511
105
282
451
979
648
939
277
37
204
623
913
975
361
184
425
596
649
205
794
93
220
604
785
247
784
293
872
389
599
774
905
820
999
413
397
97
702
97
653
560
367
645
840
309
242
538
633
524
577
677
565
263
130
328
981
15
496
231
311
551
44
13
342
805
913
956
175
518
773
384
915
176
89
52
649
753
46
431
627
196
715
777
25
460
390
129
899
857
44
810
431
175
14
508
83
902
436
711
192
281
824
327
548
962
532
914
824
192
638
624
683
316
725
752
66
769
525
57
521
141
498
774
310
798
699
925
614
271
213
765
582
880
105
493
46
121
15
102
101
492
178
297
31
717
143
620
829
239
582
486
510
470
874
628
879
608
163
400
492
334
964
202
858
491
931
630
377
173
638
382
409
219
45
323
120
179
866
530
81
641
664
158
734
865
436
685
20
186
355
236
537
757
936
630
986
714
510
232
90
385
654
302
490
294
290
523
916
914
886
743
785
844
788
71
109
324
275
552
402
677
342
861
737
138
852
20
286
351
53
443
440
279
29
431
383
659
1000
382
11
554
293
493
377
761
722
208
706
119
15
834
925
941
611
430
988
303
519
895
917
468
994
670
676
518
114
322
359
873
123
10
235
809
818
16
498
956
76
297
270
959
595
511
303
600
856
327
347
915
913
410
179
89
5
845
398
437
555
576
979
812
15
711
995
6
548
927
624
536
675
592
122
757
327
546
131
986
124
636
530
398
581
724
852
914
969
124
977
813
977
893
38
431
114
78
510
660
950
456
303
333
743
466
126
894
656
862
894
591
226
82
909
757
741
854
901
383
3
819
698
986
393
554
838
142
334
147
529
1000
112
534
388
332
485
755
799
653
374
595
259
748
956
322
4
986
936
765
624
984
360
852
950
320
831
200
332
374
590
504
974
80
133
648
437
487
575
837
126
993
100
88
114
991
371
226
781
674
223
836
406
168
880
585
819
119
85
515
853
551
738
247
999
283
43
770
752
55
5
915
372
151
969
711
574
123
948
374
611
360
105
527
235
448
151
928
215
364
855
597
539
997
461
449
613
296
181
708
531
873
594
535
195
691
390
720
486
993
554
178
310
943
753
519
661
713
780
55
936
495
170
460
75
2
989
796
666
337
259
983
551
648
102
673
675
939
993
906
436
770
16
850
29
54
408
684
981
860
487
339
775
221
391
55
377
836
287
796
714
767
431
657
324
832
457
293
824
45
801
290
744
218
756
745
98
456
888
877
487
425
133
334
20
309
57
894
944
361
803
52
381
276
30
333
848
980
718
724
427
551
667
27
214
427
82
25
432
266
907
998
517
58
969
177
883
282
908
1000
869
974
555
302
3
968
46
643
982
675
558
89
870
886
811
910
568
937
42
185
218
118
272
625
275
481
26
908
753
667
905
679
866
276
160
408
687
922
369
780
43
463
95
373
159
792
413
732
322
830
694
150
469
102
147
462
49
962
492
655
653
485
297
872
553
369
748
493
90
822
891
443
333
672
592
399
924
696
512
66
767
809
840
761
548
358
158
528
546
540
423
549
667
393
328
699
108
573
75
339
709
222
64
309
713
718
542
208
858
752
665
