699
192
522
408
440
689
133
3
171
314
65
542
925
945
273
171
553
13
719
426
189
46
512
432
716
207
180
41
442
999
252
512
283
88
756
158
40
138
727
182
304
226
147
562
566
49
151
496
338
420
568
422
554
385
320
168
148
791
469
772
943
121
589
545
307
62
666
809
259
394
812
511
197
426
400
677
81
145
822
747
565
769
536
941
893
475
989
899
656
381
853
885
234
882
441
945
20
392
401
311
351
987
165
39
491
788
1000
177
823
153
984
262
942
123
901
937
352
15
495
434
571
321
398
617
559
492
76
769
415
262
171
948
866
238
139
843
261
738
751
185
897
532
966
874
177
576
332
400
119
313
701
540
566
846
933
533
941
485
418
437
272
12
228
478
376
902
955
815
442
789
814
486
625
554
299
685
30
326
773
940
47
1000
27
634
693
808
974
96
544
738
193
645
111
590
902
31
421
973
358
33
940
48
671
196
37
109
506
541
53
456
74
117
926
461
417
520
390
603
719
309
473
532
31
832
377
339
601
782
340
221
279
634
348
83
697
926
425
840
828
939
956
885
293
399
744
766
6
474
482
923
516
67
452
251
682
461
58
474
526
595
695
883
923
923
564
951
263
573
910
515
324
751
84
705
693
817
471
525
157
88
791
599
96
804
670
198
442
35
86
792
475
482
14
320
602
252
504
522
169
142
807
363
822
173
226
532
893
22
288
369
404
724
565
499
717
263
722
160
744
731
934
2
170
949
624
778
125
981
60
542
183
621
50
715
853
782
159
110
458
318
829
549
644
236
176
816
769
391
663
156
458
956
422
106
935
356
826
105
461
326
192
440
934
918
968
0
633
889
500
115
427
288
370
558
255
260
762
735
713
843
719
89
611
592
448
645
105
999
240
235
824
961
395
994
567
505
493
772
205
31
636
65
542
248
169
413
592
686
867
976
140
754
537
102
1000
264
998
845
587
401
21
765
452
749
556
628
459
245
906
776
34
633
760
831
714
88
145
471
182
816
412
225
701
295
897
452
374
431
4
388
175
719
465
970
274
493
372
564
591
725
883
923
15
69
948
233
313
248
144
481
478
459
677
134
342
179
121
4
589
575
897
157
433
0
316
23
720
217
108
309
65
252
619
949
111
243
416
240
935
195
339
790
787
497
375
929
582
125
270
870
405
211
166
560
420
432
997
289
845
436
467
788
315
117
338
158
556
224
207
909
157
719
209
578
812
285
527
939
884
545
889
885
703
566
11
556
131
645
811
650
372
45
522
206
844
22
979
117
212
428
934
554
753
747
823
163
38
481
387
652
893
174
378
989
997
99
971
893
413
441
679
522
120
872
789
560
582
489
632
816
825
427
361
809
482
320
608
327
850
432
118
4
707
290
71
723
121
145
306
769
502
485
894
247
906
818
190
908
268
303
108
459
443
448
956
555
272
304
484
573
794
928
290
310
11
620
782
44
318
218
79
561
192
937
772
19
861
83
145
915
781
78
96
895
489
967
390
94
336
914
696
67
582
657
372
293
583
143
859
844
457
799
854
395
940
78
685
444
245
988
817
512
431
419
934
774
851
938
753
36
381
228
441
139
924
299
397
103
528
108
409
918
783
255
679
85
65
280
139
352
498
267
988
877
837
631
228
859
612
977
875
962
572
600
534
270
637
270
847
523
12
990
477
461
174
258
141
609
973
59
909
952
545
145
556
432
525
351
199
101
544
284
450
599
665
392
846
893
42
159
752
599
464
446
705
770
389
307
138
648
939
649
353
0
248
492
866
0
592
52
506
717
446
837
957
213
450
393
416
158
816
96
692
333
17
447
727
766
62
542
877
68
641
158
257
669
976
361
272
689
562
604
531
198
367
411
290
175
72
215
644
945
44
653
760
754
559
764
554
861
492
760
376
202
496
869
868
33
804
944
744
16
264
635
774
208
806
334
417
660
677
45
87
346
739
879
875
292
270
798
501
819
597
176
40
392
150
474
406
158
520
432
179
850
729
494
248
227
32
668
763
708
72
580
256
233
450
418
868
608
201
585
166
973
988
579
253
693
173
595
471
66
988
550
643
573
631
365
828
140
259
478
571
381
127
605
808
849
45
882
281
588
997
40
152
869
577
739
32
755
983
933
220
964
906
177
35
528
687
871
532
130
366
105
791
62
320
683
902
24
555
245
41
502
689
421
962
197
510
396
147
954
914
920
402
409
116
699
773
715
134
516
850
301
127
234
86
735
290
456
526
273
558
955
178
593
528
114
672
724
896
342
301
484
789
78
776
998
433
508
