470
105
289
188
927
94
570
434
583
356
812
987
657
306
671
523
359
351
399
841
800
166
943
943
72
816
404
188
885
754
419
81
882
886
604
509
286
92
982
169
204
380
427
220
692
581
67
353
362
369
136
168
625
269
165
454
303
898
614
499
587
917
456
783
804
900
713
124
533
637
495
660
697
539
601
529
273
830
797
728
399
773
581
27
111
231
518
261
398
44
961
584
73
234
56
893
338
982
996
28
303
361
814
139
854
807
380
328
489
432
444
793
245
825
11
448
851
489
367
982
972
381
120
672
620
46
527
788
0
249
757
782
310
573
830
719
566
549
987
993
535
307
460
811
457
691
56
465
532
464
533
610
232
611
509
424
392
608
39
415
748
63
460
637
684
263
301
494
24
545
524
585
420
266
256
157
43
415
856
785
502
435
19
293
615
84
161
923
536
13
483
665
544
547
147
899
792
83
134
196
923
531
229
441
648
573
293
389
179
734
175
987
501
717
922
162
134
41
181
591
822
319
811
988
246
110
996
700
660
499
685
905
312
98
739
405
248
488
585
112
339
608
24
187
27
847
204
714
763
576
941
629
891
208
14
94
530
696
535
606
989
612
252
831
683
70
840
512
687
95
610
437
459
809
908
953
290
598
3
742
572
683
632
581
20
611
93
165
721
611
804
790
469
695
500
431
652
303
371
962
382
814
966
766
667
160
169
414
789
937
954
260
531
906
239
794
944
37
601
910
772
103
209
796
966
590
182
829
651
836
570
738
58
58
869
610
254
87
577
166
142
381
76
313
686
571
29
946
348
319
347
719
103
301
78
543
655
744
858
158
198
70
130
834
690
628
576
139
76
480
815
870
499
305
788
677
848
797
961
21
947
119
866
822
884
549
317
496
538
342
70
63
981
711
103
46
300
587
552
305
756
1
768
568
227
56
683
603
508
966
735
959
59
409
738
204
426
240
172
412
437
226
236
563
207
257
193
728
969
539
13
749
651
789
884
50
173
796
357
680
43
530
754
750
292
53
753
165
358
56
149
379
401
726
150
630
111
796
576
520
49
110
526
843
464
404
191
685
653
482
764
966
515
426
913
232
712
831
497
394
31
80
518
741
21
343
700
461
490
770
170
772
882
855
101
720
849
631
671
626
882
126
537
50
227
976
82
240
130
255
24
843
609
434
523
535
599
872
324
303
986
349
313
633
9
54
614
973
634
500
722
710
912
2
819
566
763
525
889
672
890
534
956
760
652
676
868
309
169
902
911
225
175
278
678
647
117
751
499
135
154
209
408
922
199
56
458
41
191
94
83
920
439
858
59
759
454
845
188
219
393
268
66
613
341
358
537
841
190
49
386
942
643
732
498
770
792
363
32
250
766
930
935
575
571
77
430
289
70
683
386
752
773
320
111
557
906
54
773
910
721
606
594
811
212
67
811
527
611
127
770
831
548
420
636
691
783
736
1000
22
901
30
887
61
845
250
574
832
709
942
839
525
501
839
295
257
409
165
286
57
362
291
598
354
540
18
212
198
632
635
69
409
182
317
446
404
406
777
592
500
901
876
256
336
716
760
718
375
350
602
756
673
433
671
91
327
252
582
879
962
100
520
550
356
886
1
687
476
357
787
730
612
569
528
663
318
484
149
903
242
361
847
160
939
531
872
429
756
29
78
700
190
619
959
484
973
796
14
690
881
470
112
865
863
327
94
405
563
756
937
879
990
425
644
32
236
609
669
362
781
274
134
137
630
307
973
559
89
984
758
661
431
589
449
907
219
759
137
133
527
229
832
36
236
471
494
266
130
94
975
408
865
941
748
872
688
128
453
486
805
342
939
974
879
158
85
982
161
945
645
483
25
544
32
192
947
910
748
575
583
59
304
238
230
609
946
548
538
262
53
312
59
99
450
30
397
630
577
398
366
626
302
925
695
445
563
766
777
439
78
239
104
634
464
837
835
854
974
889
332
813
46
779
822
900
375
926
257
736
284
807
529
823
942
486
564
540
428
938
589
947
437
507
841
31
821
94
646
178
314
966
47
858
476
746
497
364
392
438
32
718
738
435
960
948
411
582
819
804
221
92
523
548
910
37
707
96
908
580
640
884
365
935
111
263
450
627
616
414
244
413
620
46
539
508
827
480
69
992
880
608
981
558
165
394
973
829
331
378
872
186
712
261
839
839
286
709
392
303
612
657
167
27
496
186
698
881
553
511
663
591
950
282
325
937
154
933
260
919
410
128
311
187
180
597
310
647
272
652
690
989
271
824
284
10
533
716
246
935
925
