795
139
323
426
526
748
682
692
915
886
879
941
744
520
8
506
243
388
137
791
189
848
433
906
603
357
320
89
415
504
785
471
767
26
529
438
370
527
501
916
59
518
949
257
178
771
443
48
350
387
577
875
480
486
461
181
83
817
271
519
522
474
569
440
399
333
968
521
280
483
209
553
573
571
592
767
264
508
967
767
463
252
401
24
248
533
604
410
546
745
828
256
445
241
192
599
695
448
833
761
913
119
440
766
990
883
725
399
556
769
684
676
70
532
672
675
331
852
212
453
87
265
235
181
94
204
263
497
295
532
305
543
726
359
504
370
717
313
935
922
938
470
643
40
497
489
832
760
730
745
144
817
93
498
662
834
594
575
728
186
745
888
311
836
672
103
920
981
945
932
641
141
963
384
312
146
709
243
685
350
408
458
407
240
285
105
484
995
72
335
37
746
343
129
991
800
870
502
299
984
828
515
178
654
509
828
463
7
371
733
622
197
458
432
168
866
552
723
557
724
555
239
206
580
724
365
852
55
455
827
807
892
987
558
25
151
277
267
13
822
123
994
110
220
517
217
552
637
798
25
411
122
898
243
474
765
339
464
35
103
584
904
48
381
384
822
765
577
391
938
369
500
812
471
640
915
38
889
844
237
333
424
954
229
185
94
456
318
191
365
215
699
566
30
243
163
875
55
50
734
19
4
270
370
923
235
651
79
725
93
196
923
158
80
283
273
743
856
680
210
308
757
905
995
416
425
534
569
161
849
698
611
530
247
352
355
224
417
205
368
216
696
568
661
552
591
60
77
741
504
680
416
664
977
865
907
541
900
499
435
601
268
499
407
416
130
289
423
533
521
422
677
800
21
235
30
8
23
607
792
148
334
867
684
571
83
539
315
899
387
935
199
761
45
675
372
204
522
459
57
996
47
290
725
624
456
336
982
87
164
25
183
216
289
477
279
337
963
938
967
824
199
320
532
311
32
926
668
949
61
450
835
745
496
57
859
728
906
937
737
732
676
632
994
558
297
408
298
222
208
91
159
867
903
373
278
494
914
681
960
845
908
56
40
80
284
430
829
520
653
437
589
499
730
76
730
960
717
84
488
395
596
57
842
34
39
161
696
159
436
672
732
600
150
1000
208
537
889
775
909
835
559
137
744
949
465
284
588
785
632
927
303
173
327
36
43
164
123
760
800
169
276
496
267
327
449
899
958
459
272
536
881
338
72
365
704
283
167
667
739
101
195
330
181
463
730
599
657
22
573
55
433
678
905
541
543
613
227
485
84
397
827
274
764
554
769
329
248
20
457
953
679
136
967
139
207
243
67
517
169
595
625
393
15
122
54
995
738
107
450
151
255
400
873
842
869
761
925
329
683
168
160
899
783
505
999
996
621
880
610
920
946
35
50
143
914
421
639
900
232
752
388
637
627
72
332
595
635
890
668
44
564
168
424
594
75
741
636
582
472
913
957
191
100
684
890
208
735
386
542
975
797
183
989
679
89
514
966
904
121
866
354
518
902
868
720
337
516
194
595
54
581
726
106
268
7
636
751
783
141
577
149
17
818
823
842
970
453
690
836
938
776
577
207
645
312
43
215
878
18
154
775
732
278
910
857
624
22
986
749
837
289
391
66
930
541
117
904
671
345
296
808
663
275
56
192
784
193
298
627
729
914
654
725
384
711
124
243
60
666
363
189
914
498
800
110
826
772
912
608
265
548
982
18
460
306
575
768
188
727
180
192
933
149
428
709
533
782
629
543
221
264
464
186
958
85
619
870
642
400
482
954
664
919
154
637
982
860
659
529
899
191
66
300
174
40
78
757
859
365
365
158
240
374
572
253
706
81
612
728
892
659
886
983
540
59
709
434
964
410
872
449
400
268
944
707
676
446
317
631
89
847
406
949
71
656
876
716
692
927
478
494
913
385
501
749
96
901
955
721
346
571
739
891
344
195
898
227
482
104
928
593
185
627
136
729
599
490
778
713
47
301
465
553
898
459
370
132
821
617
311
773
818
587
749
770
741
461
433
261
553
268
803
145
404
236
288
992
735
154
905
969
449
988
888
882
143
387
252
632
904
374
675
83
157
449
667
479
800
219
672
790
149
878
211
409
675
766
13
454
427
136
92
63
695
608
698
922
447
956
458
899
279
493
499
698
318
776
441
239
739
730
381
664
331
660
574
498
753
14
69
241
843
215
520
286
588
29
350
882
851
19
763
30
199
675
285
103
860
400
875
545
703
459
417
237
472
926
171
875
881
128
868
131
914
403
131
987
142
833
