303
705
470
955
661
194
251
79
363
612
705
832
121
90
23
451
264
22
743
235
176
827
889
618
299
747
898
670
992
541
831
62
288
612
263
189
595
280
991
112
420
62
68
941
699
399
949
533
391
289
981
264
257
704
283
859
705
171
916
926
96
144
943
181
374
387
99
184
197
863
634
536
737
240
225
474
481
151
140
261
462
592
55
615
474
414
930
186
553
889
992
393
584
992
380
285
794
745
296
94
652
615
240
973
777
15
236
181
43
775
875
537
92
811
818
276
97
376
741
877
177
756
362
851
632
780
836
840
180
991
171
683
849
789
750
802
939
736
100
883
322
843
115
385
294
354
927
791
414
315
208
812
209
501
683
636
581
453
662
935
148
67
83
954
207
741
922
710
429
919
734
155
687
436
155
308
292
666
441
985
797
173
196
720
261
44
534
108
834
516
734
367
632
531
908
853
967
35
317
949
198
818
401
101
820
76
969
237
846
683
479
253
487
687
668
835
609
498
175
246
954
404
164
709
103
165
618
846
636
931
986
520
145
603
378
882
434
676
172
701
715
86
931
930
209
473
637
853
740
682
229
142
598
895
216
202
254
370
720
274
809
201
939
729
375
332
658
620
619
482
625
105
852
751
655
129
909
89
580
654
395
982
887
892
697
358
116
885
913
672
542
231
516
510
480
773
80
606
482
82
32
593
324
82
920
707
738
648
505
614
588
196
707
364
389
903
755
942
100
641
31
813
297
590
370
841
108
190
993
290
767
984
301
452
851
824
196
143
350
606
544
646
832
592
912
988
680
96
251
294
111
580
799
215
112
912
313
250
122
329
709
774
391
812
862
227
887
550
329
188
218
187
893
842
556
871
195
973
959
794
286
623
444
590
900
844
123
256
508
294
147
336
72
147
358
549
285
585
276
79
517
950
538
589
588
41
36
845
590
644
376
417
668
626
304
937
979
18
663
841
685
977
629
263
175
447
81
37
617
764
609
698
542
794
284
675
790
558
181
515
90
725
105
293
12
771
858
638
237
368
30
668
881
716
342
957
250
340
505
174
515
160
302
257
463
923
88
791
51
528
598
923
42
252
414
162
996
355
19
430
423
421
64
653
190
912
158
760
465
872
172
26
364
395
965
644
955
381
849
116
230
376
319
779
825
795
207
198
493
10
401
485
814
872
996
182
983
662
814
30
775
787
50
756
749
192
329
258
709
864
326
650
934
349
468
711
921
880
99
296
674
393
446
212
74
884
405
273
187
397
151
688
463
153
774
203
769
240
304
304
943
741
29
870
542
946
586
759
677
69
495
278
241
996
941
849
968
132
438
413
656
628
868
65
675
202
654
66
257
491
398
906
714
545
559
191
357
104
752
547
379
361
991
488
497
194
838
57
613
980
539
675
668
382
867
253
114
957
941
247
101
398
976
272
231
941
897
313
117
478
483
270
583
547
661
766
319
930
182
61
717
856
813
668
801
850
63
997
992
122
453
869
114
504
217
744
535
495
233
814
630
401
422
848
206
960
132
331
678
48
644
332
435
567
978
624
288
909
113
877
917
17
192
364
748
676
387
884
672
103
298
389
181
820
849
738
311
661
3
473
18
984
662
35
843
778
836
979
643
400
114
948
231
223
890
445
535
761
506
262
187
904
736
792
462
693
400
212
650
496
986
672
436
641
277
881
84
657
960
944
791
134
131
697
46
484
951
963
81
539
209
320
342
550
666
541
450
995
439
610
741
785
301
499
883
329
545
726
119
835
822
484
561
983
875
541
735
69
486
453
34
0
791
448
266
830
366
755
621
243
400
714
515
898
596
953
191
255
106
257
317
242
543
413
823
421
627
541
574
176
407
395
370
740
380
849
536
373
472
889
346
288
574
344
573
835
854
619
757
638
270
947
500
73
367
363
392
517
233
357
517
204
104
77
435
948
925
604
514
621
728
961
440
207
63
71
334
354
729
331
488
344
124
15
639
549
650
695
885
314
840
941
664
585
840
806
340
297
214
874
67
244
816
814
184
770
69
92
511
165
727
492
707
269
621
167
421
733
758
35
645
349
22
680
374
755
517
450
582
809
249
999
356
601
886
806
758
673
243
509
951
271
413
791
800
656
870
496
934
190
544
526
766
27
739
112
52
888
520
327
946
535
645
459
702
813
839
647
874
407
368
119
466
623
240
419
835
401
805
639
434
504
311
405
739
606
489
70
101
935
149
777
656
718
829
848
554
674
813
312
159
494
906
247
929
159
634
122
539
7
703
935
238
788
690
80
130
380
490
513
