823
184
877
504
460
993
516
421
47
390
556
539
281
745
115
447
263
892
195
811
916
510
283
867
175
129
812
246
919
758
522
422
426
583
702
948
820
518
632
846
650
686
45
284
360
89
745
623
166
124
434
439
43
264
775
118
249
973
837
852
336
743
946
391
918
871
382
937
790
46
59
295
454
90
159
985
762
422
688
822
594
186
208
778
251
468
633
121
385
817
314
121
613
324
3
297
903
677
218
757
187
844
359
641
208
581
509
485
663
828
274
659
799
873
766
562
293
69
883
151
930
120
111
937
83
654
806
775
853
407
620
625
898
105
251
835
38
942
262
992
256
704
630
900
568
780
656
156
311
657
206
323
126
220
904
294
352
478
773
373
951
337
192
774
380
250
26
630
483
865
768
78
312
542
981
147
570
653
314
168
24
37
734
723
252
291
103
955
228
12
593
159
982
901
805
957
31
686
595
822
720
4
119
352
613
869
357
281
937
236
856
813
974
185
416
224
73
817
146
186
639
756
551
538
529
570
577
462
775
805
869
775
42
846
544
438
478
140
216
649
625
730
641
872
8
890
113
910
44
527
765
147
950
951
440
164
340
702
367
118
736
322
868
402
880
442
224
537
826
306
166
69
591
957
587
392
90
952
213
391
74
294
540
780
463
412
259
60
8
31
259
804
373
359
347
102
68
404
640
702
670
365
545
740
544
452
744
201
510
910
159
346
613
338
48
238
546
431
840
479
559
676
37
870
601
979
309
579
577
739
676
772
984
946
200
5
134
568
649
567
976
726
686
278
145
125
860
269
583
66
17
122
508
206
824
703
960
163
373
138
922
858
737
223
509
150
982
405
934
682
171
915
561
405
352
70
225
330
861
351
620
871
215
431
987
80
407
475
895
986
276
934
608
751
290
409
705
402
124
895
565
122
694
793
716
36
773
905
704
864
899
306
531
948
551
174
661
801
90
650
822
72
360
536
701
511
464
810
567
83
668
987
854
418
989
838
688
530
797
654
656
881
956
334
530
639
750
686
770
826
510
679
601
485
116
683
730
462
452
183
905
748
275
430
420
730
170
648
91
563
528
967
646
601
843
427
200
823
654
524
47
279
169
54
994
194
809
780
18
375
391
335
118
87
844
356
499
547
795
653
883
860
647
616
356
687
399
407
786
166
517
260
9
468
37
318
256
659
843
375
255
144
30
174
936
403
128
418
421
180
900
407
215
896
880
320
634
298
11
677
505
368
197
264
933
269
36
504
784
305
281
397
563
938
949
651
462
365
952
326
20
194
334
980
450
921
463
600
325
969
601
553
243
330
959
387
902
55
656
953
168
391
993
905
236
880
947
727
8
325
170
947
502
460
864
489
57
995
866
450
322
69
680
612
124
585
708
706
80
811
876
231
380
181
756
285
881
42
457
351
214
939
866
674
395
36
138
602
116
897
224
372
218
748
373
142
266
727
111
550
220
141
815
918
834
970
511
313
840
156
345
113
328
549
205
964
858
452
228
691
323
638
369
78
938
612
651
725
113
86
262
825
474
220
219
19
435
520
210
373
443
524
949
225
494
94
842
28
21
788
653
321
545
158
896
428
6
624
775
272
787
75
965
799
511
453
841
849
817
130
771
730
280
719
486
305
933
200
4
812
34
565
320
903
415
210
921
665
889
95
429
53
546
563
479
487
501
178
884
906
423
895
210
580
212
815
402
33
303
160
914
248
572
58
972
475
856
557
67
656
633
272
229
437
273
251
848
317
330
985
121
854
152
440
583
329
289
355
191
227
545
400
252
895
229
735
793
35
986
981
992
431
994
480
244
720
255
652
772
218
962
149
991
508
529
153
998
10
950
237
18
783
395
730
945
755
887
322
95
527
771
287
610
341
705
95
448
231
1000
432
812
429
963
475
830
666
635
453
551
402
743
657
527
780
939
858
447
484
851
548
479
152
339
961
500
576
901
952
822
410
23
754
953
820
309
421
46
70
721
744
287
128
366
831
66
987
775
915
515
593
345
642
427
287
480
443
955
792
506
807
978
867
826
15
472
875
854
185
627
506
741
446
350
155
452
453
791
145
208
122
975
95
295
836
816
934
153
835
396
291
649
881
603
342
27
796
929
488
575
935
524
509
514
948
339
203
980
870
965
977
468
730
727
415
336
201
948
171
935
823
492
268
927
224
238
673
816
116
262
900
802
817
376
21
176
478
517
549
924
774
263
805
263
57
173
786
57
342
198
682
280
355
130
598
182
352
239
205
747
871
150
205
918
691
414
18
757
404
416
505
