774
514
17
987
610
674
297
661
963
126
648
667
938
52
275
326
446
13
676
847
220
968
396
673
422
425
219
316
348
833
913
37
995
520
992
212
54
673
748
355
684
408
78
197
673
414
563
311
173
301
336
704
451
476
235
271
377
298
897
423
453
177
162
790
258
539
183
777
844
334
407
460
412
314
902
685
769
318
634
847
281
293
339
412
955
895
275
466
345
911
780
510
70
891
837
746
133
930
402
755
927
558
623
91
107
451
407
743
566
285
401
332
617
10
765
715
850
885
441
331
371
684
623
941
148
18
840
268
906
410
813
56
902
727
278
376
24
257
339
482
829
511
6
593
665
483
160
428
619
151
686
275
629
105
477
888
275
98
711
36
98
556
935
531
146
783
262
102
328
893
758
549
59
176
987
415
224
652
928
431
677
185
70
624
957
541
156
484
549
644
242
283
470
438
59
260
493
567
66
851
338
463
975
554
686
51
335
663
694
122
309
354
557
23
681
554
446
703
234
194
179
765
815
380
914
937
868
120
220
454
291
952
645
279
556
532
435
875
282
633
556
60
600
494
267
505
357
247
144
128
434
176
138
116
313
889
667
667
572
381
532
231
625
568
593
616
285
23
97
438
50
673
235
250
202
691
619
204
696
17
998
948
751
357
845
260
954
25
802
809
81
90
110
880
366
644
202
619
150
572
50
525
986
465
483
775
812
32
393
332
414
515
192
317
497
706
52
887
456
143
244
643
223
930
78
190
568
953
143
210
105
918
56
490
784
497
785
84
973
371
554
539
356
906
731
356
917
434
818
579
691
833
299
355
824
679
756
262
614
278
209
589
963
414
51
805
449
353
443
870
317
255
683
486
441
462
796
274
625
3
466
306
124
629
690
361
423
859
254
488
920
165
581
844
621
9
141
747
33
1
627
692
762
759
93
94
537
374
210
566
73
132
496
517
386
626
184
436
566
679
859
613
232
171
74
691
694
853
83
46
379
502
979
138
967
688
450
48
452
6
940
635
392
261
706
991
696
765
365
6
47
714
999
75
762
644
293
505
935
639
885
544
460
340
58
783
934
267
874
123
218
385
131
364
867
621
850
437
297
484
457
914
142
114
101
608
654
605
317
473
999
801
453
947
990
917
499
800
315
34
10
722
408
302
787
978
950
148
771
600
918
79
150
429
583
782
796
685
359
23
880
662
618
418
33
969
856
443
985
501
223
952
851
170
387
421
821
368
471
563
613
572
942
348
649
967
615
296
606
387
581
535
234
542
272
560
129
210
227
294
746
390
210
484
759
203
33
708
505
767
298
228
740
535
193
310
503
595
955
412
977
560
539
429
586
262
44
262
158
873
944
229
921
620
138
816
241
414
308
801
968
844
551
820
896
378
765
509
408
496
892
767
96
60
307
718
28
309
820
222
723
275
454
569
420
389
97
131
768
844
544
483
482
375
597
274
698
684
429
262
480
798
270
147
373
274
452
435
885
287
376
609
32
283
98
747
513
220
509
200
187
573
93
810
885
387
687
521
284
264
468
259
495
915
689
293
926
912
645
502
514
158
214
908
664
319
547
33
882
595
800
438
680
956
44
409
65
149
300
240
329
775
594
540
771
28
874
612
977
905
185
161
30
498
86
593
939
647
891
993
813
415
534
405
794
733
965
634
504
673
935
8
446
630
382
587
970
278
79
467
808
504
835
866
811
467
324
878
330
793
211
89
949
900
577
22
235
391
29
322
296
395
784
370
391
647
467
180
757
833
262
70
335
955
517
676
379
30
672
13
168
184
824
937
544
619
189
599
433
958
64
61
154
929
240
988
695
254
298
730
249
328
975
854
680
872
772
894
514
99
612
88
44
847
79
906
703
312
808
899
809
188
398
6
901
698
153
275
729
701
14
356
391
873
649
299
162
677
740
129
357
582
23
838
7
520
93
253
442
378
752
772
705
548
665
897
553
33
981
811
402
664
99
562
20
514
963
217
281
476
387
556
23
321
378
689
753
994
750
600
4
848
943
17
876
761
440
668
955
381
641
325
569
11
522
282
154
998
336
454
307
240
893
737
163
754
890
763
101
460
448
124
905
698
326
662
980
496
188
610
882
273
905
231
578
313
296
266
207
118
577
77
290
605
843
865
177
27
342
16
592
922
346
936
796
428
502
605
0
859
771
921
550
181
494
663
651
983
820
303
586
353
703
435
518
574
307
756
525
375
721
291
94
724
243
769
460
454
167
878
598
81
236
411
678
780
884
218
684
652
831
147
26
690
395
276
585
823
828
766
