387
892
687
212
408
590
330
477
728
877
494
397
429
496
437
832
826
275
109
796
304
140
860
383
777
118
470
892
919
550
789
616
496
216
45
486
553
699
924
11
841
235
351
711
690
203
110
691
106
740
229
487
261
568
534
133
792
981
708
614
671
215
794
258
209
881
499
877
768
44
793
803
235
896
61
796
585
532
195
857
537
724
283
199
978
372
829
146
549
471
16
610
188
444
871
446
593
765
314
335
168
491
783
7
424
445
84
455
368
532
561
797
97
527
270
521
199
298
90
843
382
678
382
651
780
573
126
261
114
869
867
212
512
728
194
843
624
79
917
219
933
445
897
320
109
812
250
48
355
631
321
421
692
628
586
676
838
831
705
357
129
146
462
232
591
484
18
494
364
522
423
271
57
829
72
347
700
499
212
424
287
79
264
442
336
532
365
709
537
584
402
537
800
712
427
264
440
215
484
41
891
357
55
765
830
655
835
492
894
244
586
147
944
209
747
300
417
31
390
75
808
258
972
861
338
557
567
638
391
170
177
161
221
701
59
240
675
709
15
416
640
267
273
600
684
214
852
974
917
618
452
956
284
884
938
156
526
831
510
602
940
405
563
649
623
232
701
189
60
959
105
23
578
659
563
531
726
775
494
354
319
736
703
864
547
404
832
978
990
724
820
485
736
473
508
745
906
77
368
907
148
291
449
886
882
905
673
998
811
362
775
841
672
281
123
788
791
779
903
816
394
152
593
451
225
217
696
23
943
247
923
894
25
277
572
750
40
653
552
762
623
968
846
626
19
20
36
84
657
128
446
373
702
808
749
360
957
247
362
264
923
446
367
147
408
420
143
884
840
820
742
139
689
516
852
122
94
15
910
307
523
962
853
755
323
989
100
895
342
67
809
453
219
903
98
599
436
208
765
434
98
331
219
303
188
201
521
656
5
456
291
175
868
462
865
603
714
702
561
226
767
87
941
788
407
313
149
517
505
691
435
750
576
147
170
78
599
435
902
766
529
170
956
782
98
561
688
756
607
887
803
513
97
18
622
112
107
153
64
497
31
178
619
810
14
385
45
178
768
69
903
762
862
642
869
838
50
934
67
103
178
324
398
776
113
740
363
101
893
225
850
446
45
742
437
714
185
599
551
880
806
445
558
961
560
352
129
410
885
40
314
59
927
757
23
159
599
542
135
804
620
467
522
426
753
831
671
100
508
908
550
81
494
544
21
744
250
115
588
34
157
689
791
590
986
61
600
474
335
940
481
972
362
261
450
92
429
449
202
630
826
863
555
178
370
602
130
843
740
598
258
663
960
124
107
761
673
791
249
9
279
970
62
290
712
968
518
598
872
1000
170
50
887
599
753
936
880
190
943
132
628
687
221
82
417
318
10
947
762
789
430
851
165
997
141
406
312
53
674
909
429
339
804
181
962
557
889
372
972
583
128
995
53
327
84
430
403
561
24
883
366
636
572
558
926
773
376
302
572
7
43
473
4
478
732
534
506
289
940
232
813
444
32
861
969
891
162
745
62
257
133
993
586
352
390
69
578
646
809
647
949
860
175
370
659
509
636
314
251
562
651
77
607
179
237
611
20
84
410
316
149
436
774
920
13
566
138
245
768
47
600
585
19
651
477
624
394
430
478
387
662
741
328
672
164
593
629
148
134
294
557
247
985
495
193
610
42
718
267
735
546
484
214
386
361
688
853
925
526
259
494
539
364
402
583
310
161
869
816
381
863
206
919
17
975
27
247
651
711
706
43
850
264
33
741
347
423
989
555
123
302
891
202
58
443
437
638
740
93
724
314
873
456
951
558
188
349
805
88
952
810
416
75
325
14
59
849
939
372
691
10
473
710
546
542
476
286
952
770
844
450
212
406
469
770
50
191
870
91
140
79
429
528
596
881
712
354
731
226
97
45
581
597
140
215
45
594
941
835
555
173
139
683
412
113
51
718
760
907
803
122
957
894
10
548
624
849
281
519
517
208
81
735
42
872
926
683
943
370
671
524
310
785
535
812
198
421
118
46
6
530
693
225
160
441
305
7
548
712
529
27
746
703
12
370
797
394
771
872
530
954
476
93
57
350
905
236
255
894
705
542
278
432
130
704
511
911
742
70
141
469
293
54
831
88
544
194
449
525
515
678
830
407
805
477
437
126
923
805
458
788
551
938
916
589
842
892
437
166
842
651
220
851
1
835
886
761
333
174
513
910
463
704
812
821
983
217
536
983
157
811
379
499
544
992
601
802
939
895
268
593
722
637
699
139
342
320
611
262
340
