84
344
810
413
35
86
261
584
338
114
15
79
33
91
18
655
40
838
700
268
626
427
387
699
315
672
70
153
355
407
775
450
329
230
973
333
468
212
394
736
759
300
93
931
624
168
528
908
887
426
992
608
189
671
449
358
500
169
359
343
913
117
98
844
184
638
826
183
524
481
361
695
883
694
173
378
362
509
290
579
14
973
771
899
827
578
732
859
508
95
504
745
961
200
354
469
631
239
32
192
480
897
765
595
510
32
835
677
965
575
383
614
340
666
998
188
684
841
343
715
239
152
182
777
615
281
712
414
562
994
699
612
152
887
7
172
375
16
117
292
477
317
912
214
695
850
224
184
55
791
626
572
338
553
815
749
750
374
69
939
711
515
961
201
573
837
167
408
413
352
388
832
567
847
150
410
474
795
6
775
665
282
978
675
652
428
825
529
804
537
925
54
910
683
383
881
20
554
332
946
894
7
316
336
195
241
242
500
995
871
251
515
728
726
246
878
391
364
61
252
221
120
840
364
7
33
811
754
4
872
689
992
155
965
943
491
846
83
608
587
356
935
389
185
587
67
327
633
514
848
806
435
114
368
561
26
81
606
280
567
58
73
711
537
118
261
153
323
703
87
61
794
417
408
23
933
384
726
171
164
75
514
70
747
282
906
164
184
980
207
663
649
853
89
502
943
372
742
248
632
83
312
765
982
32
574
7
991
397
318
460
470
514
723
112
175
408
30
694
32
703
409
388
89
545
260
613
37
640
176
173
989
768
983
703
33
545
383
465
314
538
839
11
294
72
927
362
109
697
318
308
55
355
301
592
410
267
763
31
644
164
591
923
915
452
824
135
565
567
495
981
433
246
5
269
219
504
22
796
813
6
150
29
87
943
476
642
587
273
18
527
549
525
955
397
300
766
506
300
698
461
911
299
996
354
863
817
727
887
366
839
390
797
368
919
950
512
106
878
237
261
605
16
273
267
966
668
568
353
50
668
985
444
688
828
583
300
158
670
316
130
230
59
980
492
836
730
332
184
150
498
378
973
127
34
688
967
663
256
5
788
529
282
180
83
225
599
125
513
586
885
786
147
607
800
890
634
968
738
782
742
333
663
141
299
229
926
787
714
275
838
741
898
526
760
16
336
609
390
279
526
277
896
665
549
281
94
141
196
356
49
695
693
531
652
629
544
520
672
213
0
335
346
985
280
257
467
519
217
487
738
120
335
22
218
452
234
906
848
986
503
278
323
389
714
405
307
971
154
736
21
686
756
26
555
448
676
832
496
465
308
675
15
861
684
785
95
744
253
285
784
814
224
630
778
693
578
657
153
294
705
420
366
975
52
757
442
359
211
326
648
74
325
331
868
190
210
554
540
475
738
934
74
376
49
803
463
415
409
685
890
576
621
981
897
363
697
437
978
811
488
141
977
947
58
504
264
571
628
871
47
998
914
792
343
112
928
427
595
503
274
356
84
64
409
741
947
204
702
814
810
338
109
133
451
761
764
126
727
483
184
961
833
560
409
728
934
399
502
210
309
98
839
465
510
246
844
839
811
595
434
541
677
105
290
656
150
366
904
536
85
907
502
728
724
11
636
872
194
66
112
194
254
834
907
773
1000
390
839
3
255
829
634
144
687
748
201
777
640
432
464
247
854
130
71
727
563
896
767
638
439
938
149
394
366
671
283
934
638
587
53
968
118
909
686
766
349
881
882
940
666
851
180
885
349
580
255
635
383
522
686
296
941
939
293
49
805
899
762
411
541
70
646
662
730
900
593
42
330
298
770
804
854
916
701
29
332
275
71
349
669
800
807
286
231
472
716
338
9
793
990
187
996
431
200
516
131
545
309
889
279
436
602
430
993
896
260
597
118
739
581
646
75
616
217
634
387
30
941
439
914
738
21
340
175
557
315
240
659
803
449
758
874
718
648
737
307
623
88
728
145
819
664
197
585
701
550
526
882
308
695
864
241
111
980
722
604
683
589
434
17
344
366
782
99
538
663
284
231
942
211
755
469
189
606
2
848
510
614
691
872
840
849
893
466
117
37
956
84
588
270
923
527
159
998
398
152
850
680
372
132
853
744
302
861
493
633
273
825
60
520
147
196
231
412
321
424
320
668
165
819
220
812
520
759
315
639
363
437
943
493
669
615
257
153
382
88
967
508
426
630
652
918
734
897
952
991
175
911
853
827
333
188
416
813
546
437
28
906
485
93
293
475
448
469
849
176
948
994
282
276
656
798
740
590
760
61
347
917
977
527
176
188
295
575
135
138
5
536
326
