873
774
586
258
257
548
110
114
701
560
870
581
30
664
369
620
579
91
446
632
312
868
761
261
69
320
647
343
59
311
95
794
749
257
67
708
325
520
584
34
421
507
125
381
129
818
431
2
80
682
758
886
129
385
478
549
259
23
98
189
622
464
452
332
313
446
368
262
268
954
218
629
578
668
130
24
720
705
733
284
121
226
237
792
730
292
911
156
331
25
380
214
409
350
868
995
905
719
354
94
969
34
759
901
826
485
123
828
790
257
226
812
676
485
504
376
455
21
217
739
371
682
138
79
89
110
426
798
340
657
968
380
521
703
986
193
216
291
280
949
957
903
353
745
977
279
287
801
60
24
281
538
516
369
301
753
669
484
476
299
56
25
279
802
694
718
826
636
915
48
821
143
425
44
412
244
862
525
385
533
189
985
884
499
360
105
137
965
294
778
834
723
824
858
136
199
386
200
826
849
585
46
299
365
330
860
381
523
102
472
710
740
965
838
581
764
357
493
922
378
526
941
322
1000
308
911
925
30
151
278
755
549
189
375
472
714
171
972
654
513
158
448
573
136
449
383
959
861
165
555
543
595
253
117
555
295
621
923
973
682
857
80
173
922
485
1
944
542
553
832
71
787
580
109
235
13
461
448
770
172
317
866
35
204
645
877
675
114
866
631
342
616
572
62
910
77
85
275
750
609
48
913
835
414
382
737
175
85
312
925
709
282
30
788
75
190
781
362
908
107
901
646
309
725
966
423
781
514
641
48
747
122
527
447
494
906
247
667
963
261
628
21
42
126
790
404
932
817
8
286
179
265
185
494
90
459
187
780
3
710
864
273
391
860
579
332
302
862
222
889
308
216
49
397
263
437
260
157
197
857
562
51
367
473
690
725
978
715
273
630
903
238
955
124
633
785
149
138
142
808
466
544
888
82
313
759
890
780
47
10
789
202
568
608
85
973
705
797
812
807
660
647
709
255
227
42
260
351
477
556
594
505
250
255
452
269
15
299
538
383
8
399
110
602
627
817
8
230
765
925
605
729
800
916
354
386
838
745
479
208
546
224
558
936
456
999
481
570
278
797
289
414
517
561
690
92
927
683
742
659
398
778
838
126
534
667
761
948
325
873
597
389
719
505
216
482
38
648
667
888
174
681
859
332
315
969
393
988
341
492
79
430
12
622
995
826
844
526
547
392
131
281
797
325
218
162
703
74
139
394
611
156
975
695
238
662
910
660
858
504
340
36
110
964
991
877
213
96
220
651
184
302
69
805
215
482
371
237
283
493
703
861
763
503
171
329
427
921
443
577
475
904
899
312
466
901
767
995
994
258
608
299
273
875
600
160
519
315
966
978
962
608
978
825
396
830
253
143
199
782
696
666
261
579
281
184
180
172
140
433
486
347
566
781
665
263
982
425
453
744
467
107
721
936
200
71
911
99
351
430
260
293
92
551
436
485
962
339
66
546
678
953
492
377
308
922
21
260
527
114
196
380
940
215
765
40
647
694
687
289
722
272
501
86
697
604
419
907
595
317
994
607
117
776
417
324
420
864
800
56
134
750
716
308
745
529
423
856
291
110
758
543
38
922
154
940
292
404
117
327
949
622
280
523
679
59
680
922
899
16
348
670
756
573
90
110
755
560
110
171
739
763
516
483
712
864
247
241
481
525
358
492
1000
538
389
51
612
779
684
111
883
525
364
753
130
573
356
579
930
615
14
536
578
123
74
525
511
478
748
276
199
686
903
542
397
672
305
652
182
797
25
372
254
347
565
775
924
668
297
699
575
138
392
468
256
386
238
678
783
919
150
396
778
598
619
816
119
62
738
81
503
871
984
906
544
415
315
57
682
210
167
230
273
421
648
436
176
446
155
576
675
770
796
144
996
81
496
292
668
693
859
266
226
381
911
3
84
297
274
759
546
184
780
673
767
130
692
290
55
383
590
712
540
669
937
259
680
868
569
157
922
591
128
423
145
452
201
596
916
924
933
213
752
961
419
150
659
209
124
804
752
601
238
990
347
68
37
463
58
650
715
779
90
800
97
811
778
524
446
61
327
629
35
341
198
667
933
328
417
99
392
335
346
270
15
666
703
754
271
192
540
273
654
587
204
672
935
807
35
56
800
172
155
778
561
891
537
944
865
874
953
765
21
553
211
653
287
655
29
532
202
531
220
756
174
346
767
376
372
145
629
387
468
814
813
514
53
608
517
569
511
34
281
414
551
902
244
714
204
598
802
457
660
73
505
240
861
315
614
711
833
156
857
575
749
258
850
831
393
227
