266
133
240
524
693
765
845
721
549
791
909
307
380
132
294
537
595
854
82
610
719
188
933
277
748
699
85
739
732
479
671
851
757
293
435
847
514
1
598
754
693
675
172
554
514
31
37
286
116
549
675
350
188
802
265
494
496
271
450
341
255
209
273
694
4
145
259
654
669
767
229
706
685
655
8
893
988
820
822
815
189
238
720
53
158
627
704
246
313
285
743
503
262
791
277
556
421
924
375
603
824
801
996
129
275
281
845
405
867
767
75
357
632
619
848
558
804
243
42
38
350
267
939
650
459
154
935
151
792
187
60
23
682
742
842
816
881
451
854
510
92
152
995
557
43
495
219
590
638
544
944
885
708
950
938
596
732
681
915
451
174
904
855
88
273
32
405
88
580
194
151
103
896
501
306
951
114
991
246
823
368
592
882
646
536
210
431
68
44
883
885
75
753
960
884
269
577
904
445
727
90
567
84
168
202
447
586
250
129
501
989
533
489
843
964
977
527
968
100
620
191
373
191
622
222
610
103
489
662
158
309
310
499
363
122
159
629
1000
552
53
430
921
684
430
824
266
440
724
817
768
788
323
144
978
282
562
111
513
987
395
458
998
765
121
3
23
871
574
289
594
609
163
808
82
247
389
892
432
948
108
881
641
744
616
367
164
399
267
320
503
109
308
30
368
408
761
603
915
654
516
107
949
231
158
659
896
345
526
69
168
737
942
307
965
694
41
792
238
223
394
522
335
831
228
613
262
868
251
934
608
318
943
143
759
506
295
159
209
833
530
451
743
924
290
931
538
163
899
895
180
289
513
126
859
703
196
572
666
675
85
907
195
627
431
299
933
830
67
629
388
383
21
532
509
341
912
927
729
610
523
980
883
174
991
24
638
36
794
607
65
716
55
34
233
587
608
926
39
644
200
698
301
741
697
49
451
527
635
94
500
252
111
367
43
649
264
524
857
661
17
412
298
719
680
867
285
154
498
930
130
96
103
338
688
725
227
27
711
787
739
206
230
905
335
247
19
857
380
603
449
440
589
24
175
503
558
465
800
457
924
567
406
243
315
428
388
299
157
682
889
68
62
71
919
666
748
872
765
17
362
218
726
73
884
525
414
588
871
522
638
806
540
986
556
753
763
836
36
528
425
73
547
211
158
317
333
104
326
871
90
936
200
55
814
616
478
885
433
731
792
721
154
966
468
673
40
568
189
87
48
677
826
936
13
335
69
106
187
562
98
975
984
642
789
392
611
602
976
506
804
861
226
753
947
286
696
52
832
884
324
761
26
341
824
8
132
258
777
148
434
595
462
658
854
290
29
373
794
656
22
215
804
917
502
787
302
1
516
345
242
78
83
306
726
632
142
47
3
271
903
49
361
691
674
306
29
639
505
930
316
358
898
943
790
418
298
467
601
263
737
467
761
472
503
668
709
594
0
69
388
29
192
221
710
368
743
240
530
468
777
554
440
394
603
43
795
21
28
850
637
674
343
687
576
982
250
22
757
561
842
170
582
338
774
411
300
440
975
532
287
893
370
216
92
546
497
413
594
188
152
544
5
379
939
428
486
384
451
620
270
599
873
612
58
204
925
89
942
61
386
695
958
368
593
452
723
241
845
479
891
661
966
618
515
454
173
962
228
609
863
696
144
439
228
916
341
263
600
273
505
367
29
982
452
261
752
235
485
799
383
680
164
802
4
345
17
984
809
723
286
629
81
360
586
178
569
531
72
126
280
788
335
169
205
53
828
245
174
168
868
636
222
26
101
798
887
285
924
852
339
393
173
612
444
464
943
408
384
598
596
541
334
633
299
106
842
445
78
391
188
797
26
978
620
996
471
426
40
976
375
975
747
226
247
467
920
336
552
977
755
681
32
661
133
48
910
690
237
957
998
921
510
566
707
873
313
442
806
736
830
726
849
319
467
70
80
492
197
234
257
871
204
200
12
696
276
636
944
916
155
505
40
382
274
178
651
777
493
918
568
121
465
914
663
232
584
580
36
176
188
572
746
431
843
450
439
127
180
651
536
451
766
996
635
235
929
50
142
493
242
149
376
144
57
77
199
161
799
910
87
440
392
836
794
758
454
146
831
799
108
746
890
539
891
101
793
339
978
295
793
181
200
647
404
220
386
226
674
66
558
64
142
393
684
725
373
865
750
393
664
383
97
570
985
810
433
466
463
801
525
894
506
238
317
640
699
936
960
698
577
159
442
326
730
393
761
333
143
688
480
74
197
471
913
268
997
174
879
449
327
537
984
600
168
133
331
386
460
35
764
