382
935
333
366
114
840
865
250
575
574
552
808
132
320
300
904
49
612
666
557
319
973
442
585
794
162
346
845
194
568
953
931
620
192
764
198
892
608
620
856
904
599
966
435
24
575
839
692
471
762
536
513
671
1
713
461
439
312
599
229
615
765
145
933
855
849
560
560
990
66
870
827
737
498
458
189
300
692
641
516
774
725
600
212
441
970
996
909
732
670
384
715
907
67
97
79
858
546
145
23
435
113
469
254
621
512
451
226
710
905
201
91
475
114
666
668
572
987
487
791
479
333
607
517
99
152
413
132
524
812
57
675
741
353
360
520
725
75
194
231
603
764
485
308
782
652
464
134
276
392
486
968
827
926
109
39
663
633
143
704
880
570
473
209
863
533
979
696
408
545
712
818
975
534
286
706
109
906
998
195
914
708
706
215
237
772
498
671
873
666
478
1000
971
934
234
982
107
934
524
933
227
637
449
113
599
471
507
438
231
646
7
287
136
217
581
214
369
376
325
316
1000
333
865
357
433
296
734
192
473
410
398
967
682
964
762
248
477
124
381
86
229
915
20
170
745
4
72
848
189
765
256
785
868
504
551
506
430
471
655
669
407
472
443
397
576
26
570
626
898
339
43
807
915
716
458
31
559
337
957
337
773
444
800
316
16
303
179
942
476
910
702
340
187
146
87
778
295
486
265
912
366
562
938
329
342
899
933
876
627
949
750
617
731
777
73
814
396
483
868
991
897
548
127
19
891
845
204
545
432
176
718
798
31
935
645
890
626
700
311
315
92
534
607
361
724
192
621
787
699
596
83
690
646
712
207
91
330
714
908
122
237
923
461
406
477
658
173
342
420
656
29
3
921
478
602
27
599
555
401
294
152
902
102
483
708
149
584
596
519
205
504
54
961
240
242
992
195
725
599
127
607
742
490
609
232
698
83
898
54
217
724
469
920
754
433
692
413
273
996
126
953
674
352
727
291
255
593
142
986
633
313
262
377
404
851
623
894
802
259
488
838
252
8
839
244
918
971
791
735
145
129
821
422
41
421
952
360
887
449
98
570
147
161
118
889
630
327
865
786
499
973
510
357
925
563
862
978
351
258
590
650
901
561
958
752
382
76
203
341
142
220
803
796
362
459
814
662
28
7
960
671
736
133
191
161
148
984
707
673
871
296
304
460
911
243
603
393
699
20
127
94
42
121
544
992
597
687
667
175
662
164
959
615
548
260
148
675
455
258
129
659
0
19
60
858
731
200
309
754
896
780
960
17
2
24
864
736
67
688
111
265
269
935
800
606
372
215
602
349
700
183
332
127
817
404
160
678
122
635
723
678
828
273
998
727
435
535
432
963
500
415
523
113
933
271
468
813
611
796
845
72
750
7
327
750
940
587
788
80
64
20
874
388
274
387
697
822
659
376
699
440
580
902
357
693
526
147
87
906
181
604
54
225
449
740
155
18
262
985
868
355
149
372
163
344
962
551
558
849
786
344
486
749
490
230
710
901
978
13
628
791
32
663
766
776
917
788
588
173
663
536
647
282
382
731
997
954
735
906
19
504
236
832
397
554
673
997
431
624
528
883
519
283
120
792
779
7
661
59
645
567
874
537
910
355
613
283
568
560
563
651
462
9
823
196
375
301
210
278
114
861
549
179
204
59
125
831
892
653
812
659
575
755
919
60
341
689
307
10
652
785
912
260
469
209
540
963
694
162
953
666
410
21
206
401
97
653
254
231
391
483
772
164
865
221
772
150
677
659
16
277
61
494
971
499
565
468
846
638
828
302
166
460
236
818
298
411
530
535
839
809
793
615
253
909
149
1
825
878
896
971
465
517
815
272
780
832
306
127
197
121
481
823
112
463
141
79
615
993
167
935
265
304
968
538
255
610
6
700
869
135
860
489
609
61
213
270
307
940
12
574
554
974
856
500
538
191
922
955
25
686
477
388
486
307
158
121
2
747
622
205
1
42
146
144
316
188
45
211
218
350
915
963
170
685
298
933
482
623
154
14
902
675
78
595
950
483
604
645
130
369
915
975
711
805
568
832
764
991
298
161
814
22
107
423
21
508
769
416
471
234
374
439
276
60
734
323
184
377
549
874
891
560
694
706
203
434
639
258
205
118
838
85
553
564
547
743
443
466
595
611
375
398
450
997
861
101
618
882
581
507
424
212
55
9
683
554
395
286
595
938
871
293
954
739
390
22
509
88
434
255
303
689
980
699
287
659
267
236
995
171
316
935
809
75
405
575
889
64
559
842
363
690
3
676
389
615
340
875
970
