849
776
705
770
881
554
759
22
596
822
246
5
43
161
119
66
26
224
775
644
303
141
537
400
326
345
600
521
907
313
474
642
586
696
689
772
350
507
840
19
583
802
948
962
766
379
117
154
868
970
988
504
441
803
51
800
520
266
823
349
373
83
52
591
586
747
573
490
178
28
779
513
570
220
6
686
990
542
182
159
764
263
234
5
174
417
641
317
645
592
877
347
651
387
404
164
678
533
270
769
59
229
336
163
42
540
711
654
87
63
38
852
620
301
104
372
504
473
190
787
669
543
200
512
937
16
66
105
546
210
270
732
93
929
365
328
441
382
290
95
575
355
490
798
833
233
32
598
422
244
481
478
103
728
871
252
62
116
965
391
221
235
260
355
596
572
137
386
853
575
945
814
86
713
548
497
690
877
567
49
869
32
991
300
939
281
526
150
505
829
243
910
39
316
232
553
940
926
991
267
307
829
294
877
425
736
128
463
950
21
142
636
514
768
860
11
400
378
421
211
693
118
448
770
694
990
440
997
697
114
239
822
618
772
558
730
460
294
588
296
267
336
111
884
76
116
187
95
263
722
620
116
221
172
441
615
624
940
173
82
181
336
410
823
28
174
450
892
459
716
577
528
392
694
439
52
429
903
655
275
751
389
626
694
631
11
801
773
108
27
511
72
628
635
963
471
201
657
342
810
441
761
434
21
31
445
606
135
950
584
525
93
710
619
904
211
587
442
134
903
533
284
608
812
360
245
590
945
565
349
605
22
375
58
152
170
565
525
205
93
415
204
199
885
570
441
718
152
794
154
885
548
254
395
675
54
596
185
120
499
123
65
149
965
254
145
706
166
291
845
328
515
120
3
940
255
178
533
934
344
532
271
501
932
760
962
206
664
211
141
256
877
528
857
52
525
569
530
508
641
963
647
839
905
498
541
172
196
411
398
357
10
858
520
902
793
340
324
363
223
387
719
93
161
413
937
682
141
91
127
399
476
564
410
178
954
573
746
127
558
327
873
573
56
382
931
411
633
999
789
511
700
888
164
416
353
32
139
47
269
488
77
694
499
974
722
360
285
706
334
697
408
489
693
181
950
844
39
931
130
720
290
353
846
306
654
667
620
242
104
848
289
172
145
136
700
473
977
503
354
76
480
133
212
773
299
464
67
630
364
993
608
443
143
360
110
371
62
308
257
260
6
247
88
756
520
546
435
307
288
658
109
637
898
841
657
298
776
797
803
771
412
790
644
180
220
545
514
296
487
309
886
574
787
731
397
829
161
367
990
147
548
979
995
102
148
417
401
799
848
275
932
892
616
840
864
243
749
307
230
407
451
800
774
951
640
550
718
515
628
470
385
991
908
154
55
636
947
29
201
835
154
199
883
723
780
529
452
26
639
259
482
459
238
722
665
573
915
736
252
454
980
367
322
242
185
22
988
52
869
862
627
846
972
123
36
949
256
25
629
974
335
956
606
929
262
6
277
117
986
194
625
114
861
920
837
942
444
960
233
183
744
693
674
214
206
432
700
924
722
509
991
510
875
617
706
117
394
614
554
304
581
156
407
210
673
863
406
409
107
299
104
585
107
446
725
718
323
335
316
824
668
178
330
428
737
165
494
574
348
127
188
684
185
879
683
608
304
244
758
632
273
603
910
394
448
989
78
525
124
860
760
379
330
513
874
45
244
671
454
363
691
826
263
999
702
186
575
361
472
335
53
42
278
487
269
133
893
922
707
260
548
663
654
433
10
423
544
952
868
487
669
886
260
104
536
296
991
867
703
532
348
780
160
579
904
907
15
196
192
868
211
358
119
95
132
933
207
763
15
834
416
6
369
73
337
485
816
973
801
107
606
291
591
862
125
483
875
932
200
18
849
72
24
852
952
964
193
275
608
999
415
667
770
680
970
447
755
729
802
764
378
355
358
487
473
970
215
306
712
915
457
530
492
632
931
499
909
559
847
331
721
176
517
465
981
569
277
576
666
932
671
650
828
310
755
824
672
317
404
562
612
931
116
287
533
672
225
960
590
517
328
136
702
651
766
740
459
23
426
642
860
508
313
899
405
47
830
340
74
96
1000
87
35
14
948
291
288
486
346
409
899
214
501
543
816
263
804
660
728
698
395
79
398
674
345
611
346
248
898
155
797
851
661
87
730
687
816
619
810
474
232
198
364
317
861
400
847
236
413
641
314
319
890
279
138
529
268
99
437
484
748
252
608
230
112
425
168
668
4
608
424
173
718
350
983
547
677
356
699
262
247
739
964
992
617
718
599
936
104
