346
286
207
884
171
474
520
267
261
428
431
13
760
637
893
980
537
66
878
307
405
10
509
873
96
677
27
453
457
431
820
734
338
912
640
768
519
948
304
694
798
271
880
788
389
249
396
270
723
228
558
315
740
916
959
107
208
915
648
977
542
243
979
135
204
373
946
562
993
337
223
626
234
941
219
344
87
302
14
573
541
976
447
223
540
487
637
242
438
982
202
547
840
179
643
981
831
381
975
958
892
296
688
386
837
445
93
857
612
895
726
666
357
735
638
936
851
411
784
819
734
498
260
383
1000
763
958
555
738
643
37
580
515
989
441
195
845
353
79
330
508
755
374
701
890
775
589
621
536
893
895
707
829
395
101
750
493
432
608
347
988
358
945
608
276
808
719
568
441
207
330
279
68
565
105
765
540
72
601
611
777
900
66
245
870
960
909
638
870
965
561
15
915
947
240
614
710
569
457
668
190
501
120
298
882
679
218
179
225
658
838
512
880
190
213
217
922
651
145
163
483
512
541
341
475
223
882
263
954
589
227
512
114
188
130
396
621
457
935
39
554
880
682
146
546
73
631
624
144
202
525
480
637
345
29
970
986
128
537
844
913
385
339
729
101
747
55
74
829
66
412
959
929
189
446
969
818
652
437
536
677
6
746
80
340
896
841
823
255
624
932
697
308
862
998
380
813
653
271
871
125
397
900
646
646
882
150
976
578
11
367
430
427
283
165
698
467
210
412
864
861
852
361
36
905
500
353
444
938
751
521
288
194
461
446
545
478
728
161
467
444
152
449
384
243
436
275
531
866
43
116
391
491
511
493
983
595
470
176
608
839
855
885
81
475
964
986
29
936
201
432
662
744
778
567
287
482
966
91
208
789
494
668
645
871
613
843
21
718
818
147
606
203
236
575
23
938
658
176
104
167
5
264
627
469
117
400
598
742
71
78
687
734
469
533
686
748
163
56
87
539
446
418
493
62
16
802
712
160
440
271
670
277
127
533
320
155
243
788
715
263
525
556
350
807
864
163
214
632
669
95
281
808
435
373
458
566
918
174
702
173
752
390
676
437
23
904
677
528
778
686
990
65
560
277
329
988
482
136
883
406
43
210
657
646
631
238
55
961
275
8
594
830
48
100
281
320
174
313
603
18
859
756
252
371
416
601
348
433
340
677
541
17
655
723
797
684
450
466
537
826
66
554
606
943
416
76
203
521
741
562
219
644
968
856
550
820
180
972
16
576
944
624
895
16
381
565
884
122
976
219
412
354
562
224
682
344
367
831
945
584
716
475
116
617
392
116
482
96
907
579
442
102
51
479
725
333
583
135
793
804
156
629
26
732
330
130
891
180
897
751
657
31
879
552
629
368
78
279
65
349
534
368
137
692
89
400
85
66
194
617
174
998
487
264
685
823
6
995
570
857
819
205
727
196
33
168
733
415
834
656
118
692
993
503
465
591
208
679
989
120
48
122
26
5
379
788
955
773
843
94
559
729
887
714
568
751
221
968
849
60
434
685
619
383
335
121
942
824
762
244
226
165
880
855
372
130
731
53
697
898
285
1
667
200
839
17
52
555
419
438
895
640
475
576
227
317
414
910
102
84
639
166
889
392
962
558
955
914
276
487
16
668
831
700
601
503
739
905
554
494
821
608
824
877
535
544
425
822
601
850
706
857
747
693
361
249
726
864
232
673
604
63
934
678
223
758
102
741
764
37
541
620
367
935
444
817
486
570
260
84
248
579
30
934
588
839
651
754
34
511
538
47
716
855
130
269
895
140
672
131
598
563
751
225
173
941
665
383
192
554
870
112
371
112
344
453
713
398
289
130
784
5
743
745
958
452
866
945
365
672
120
298
748
344
105
446
901
821
883
649
643
631
2
748
428
488
508
106
365
404
581
612
562
942
593
442
877
642
884
160
339
813
691
943
995
999
377
40
740
904
358
454
981
398
608
53
677
569
113
706
966
408
700
410
842
904
260
646
823
870
783
225
141
103
660
590
203
544
46
415
727
0
676
687
645
619
403
786
909
741
632
787
389
504
273
604
524
621
357
62
67
661
233
879
710
714
35
78
162
771
124
413
618
600
465
701
999
139
783
618
306
601
288
763
424
619
171
722
451
795
144
205
856
836
641
110
947
176
157
58
792
369
104
214
785
120
355
962
119
138
159
322
704
788
317
861
485
621
552
922
698
477
682
794
974
164
388
651
564
898
626
276
254
591
940
161
337
143
55
66
13
328
196
998
390
358
118
504
387
987
918
305
316
926
56
538
971
984
442
