69
153
343
354
558
578
18
25
834
72
3
950
992
116
261
903
581
777
292
299
845
729
487
293
260
889
540
204
881
795
532
297
232
541
5
114
458
469
801
702
971
609
632
461
277
75
114
963
505
352
966
202
84
324
403
361
412
748
236
507
842
759
785
927
997
329
485
43
867
544
791
400
539
542
197
332
318
608
549
230
504
177
779
944
800
581
928
84
231
736
263
394
580
733
462
825
342
310
817
64
944
735
478
815
54
6
840
250
787
418
349
77
43
563
275
854
457
697
690
409
776
436
445
851
446
536
709
416
760
109
446
876
926
853
490
926
664
538
140
36
460
498
861
316
857
600
15
448
635
818
177
322
395
755
454
363
662
311
420
743
953
746
787
753
636
658
664
709
371
773
531
824
725
761
584
135
139
548
567
545
462
436
165
216
848
93
877
359
148
839
772
543
65
888
875
944
279
255
611
469
850
452
380
731
641
190
232
753
244
527
811
905
918
715
288
310
869
857
607
338
350
763
483
494
258
725
374
970
924
37
37
897
955
328
379
273
371
378
50
137
230
404
202
811
149
357
978
654
976
963
976
301
826
871
156
98
89
51
469
687
923
701
239
307
309
829
76
926
761
995
6
331
248
174
668
778
959
642
726
509
72
170
694
929
195
521
707
608
406
428
625
236
290
605
33
835
302
466
917
405
960
313
878
232
932
510
649
862
127
58
833
667
271
578
308
975
588
540
918
843
201
686
817
269
722
775
671
385
672
742
615
958
980
910
441
574
468
164
951
763
896
285
462
440
803
405
164
135
728
559
117
178
54
438
770
63
123
142
339
830
696
144
145
523
119
271
295
353
344
705
840
250
190
765
205
744
350
220
316
645
59
163
890
381
704
484
960
463
217
755
447
805
133
963
694
615
57
514
94
49
854
106
660
584
277
673
633
789
154
526
944
870
590
349
242
171
654
780
827
710
726
564
280
502
201
265
929
494
355
439
549
741
185
964
444
885
787
345
359
873
953
666
54
744
969
817
563
436
356
295
380
452
95
222
311
786
809
48
262
686
601
176
239
825
579
57
649
121
843
597
528
977
746
275
397
471
283
427
756
816
325
714
831
686
379
479
558
943
972
600
516
376
413
633
865
753
689
413
60
368
50
756
226
374
646
586
302
969
17
370
76
737
676
455
103
136
823
391
287
517
582
290
299
804
434
54
538
42
976
713
363
188
259
929
166
153
765
811
549
201
519
780
803
355
534
749
919
709
110
431
103
806
293
419
538
855
848
9
645
747
921
930
588
322
585
364
391
458
794
972
110
279
695
613
433
534
869
770
827
419
179
651
277
88
130
351
626
439
46
97
289
777
732
400
751
62
78
509
800
575
526
942
308
243
491
844
97
592
806
750
600
539
371
166
33
981
292
483
770
381
363
52
656
423
348
395
245
827
473
72
101
876
713
896
995
276
751
602
495
275
504
780
57
313
437
781
196
898
34
911
333
943
189
628
880
972
226
696
332
232
375
171
717
489
341
944
710
182
158
423
45
318
568
538
963
922
281
170
779
91
347
751
114
926
419
778
387
248
329
989
203
609
921
618
489
820
828
161
101
252
906
74
254
852
846
519
18
449
779
381
768
138
451
766
462
374
87
357
173
61
97
299
417
288
583
958
255
785
692
291
780
258
463
794
667
14
278
408
668
957
94
788
771
779
496
343
264
275
747
678
536
577
651
808
217
562
906
728
533
173
462
337
332
688
45
527
584
647
492
731
70
465
430
947
495
737
712
465
97
488
963
101
340
381
518
166
605
466
837
879
188
873
191
812
137
418
524
235
543
290
210
269
756
944
115
292
195
408
102
291
138
899
839
736
556
484
995
135
876
35
457
12
767
290
816
236
128
905
87
573
677
607
28
482
468
638
530
847
471
800
151
737
658
936
499
307
427
875
413
43
84
775
768
710
154
894
332
271
629
976
456
427
609
450
764
591
606
973
383
186
156
506
463
980
661
359
392
968
449
923
948
164
869
357
379
964
280
924
134
760
183
978
766
110
318
249
246
122
500
189
867
928
619
755
286
560
798
126
87
75
571
138
49
223
804
995
735
123
897
815
39
634
636
804
747
625
965
718
117
547
890
95
501
393
544
338
118
373
637
849
687
329
250
763
452
280
482
625
414
377
385
646
558
433
171
975
490
513
753
136
627
501
69
133
780
920
87
165
961
440
864
798
155
673
92
122
903
154
599
427
648
645
873
318
710
176
386
47
506
598
539
963
782
842
488
861
529
21
774
733
