474
938
1000
673
853
185
337
995
434
79
841
103
232
728
466
894
873
516
696
607
272
411
571
918
374
340
115
177
16
834
708
436
498
272
894
705
147
539
546
748
890
117
13
995
932
861
358
716
10
927
928
499
64
654
973
326
684
902
362
238
829
692
288
670
702
603
418
649
779
920
294
296
878
639
749
459
391
100
490
391
178
407
661
727
131
107
777
324
53
444
762
325
728
901
255
876
812
21
603
56
736
745
473
580
908
911
885
995
79
815
4
839
49
883
244
413
50
917
941
914
962
241
852
948
401
93
273
631
203
571
452
688
99
975
290
54
626
449
433
381
102
2
765
912
682
727
9
865
898
993
924
18
134
883
17
72
873
756
24
280
543
616
831
143
113
856
276
603
714
229
234
303
449
93
114
420
964
98
950
5
732
344
573
325
735
572
409
110
303
242
947
410
68
670
440
130
271
976
299
9
752
105
348
241
185
4
537
718
210
616
470
509
347
504
462
900
777
279
363
965
729
332
464
636
778
845
855
281
262
221
21
168
267
84
518
591
821
630
592
174
226
750
140
860
814
373
265
634
618
601
203
650
143
958
386
883
706
800
953
552
325
503
560
344
267
908
109
486
274
629
896
400
881
276
621
143
332
146
793
465
516
49
629
414
658
622
63
363
505
969
141
87
318
218
136
186
898
382
4
163
84
506
814
295
445
322
336
975
401
725
324
159
417
572
935
483
374
439
541
899
928
237
881
834
501
933
21
230
544
714
155
595
702
448
232
763
480
571
1000
279
946
841
702
988
713
289
433
201
264
912
249
694
839
909
554
356
750
254
747
646
297
758
540
834
497
908
786
645
123
319
592
463
734
115
783
215
447
578
15
407
730
441
76
912
679
807
544
138
468
959
766
369
710
642
882
703
150
332
168
352
720
986
32
911
881
145
49
693
451
233
27
95
353
397
370
190
947
964
916
11
652
617
430
414
318
709
388
106
854
57
692
313
618
864
809
457
712
727
707
366
688
593
186
652
863
449
989
408
780
707
572
616
32
880
854
246
172
507
163
892
537
996
428
649
988
28
939
908
778
47
68
68
718
318
481
409
969
745
518
287
261
213
903
135
901
791
537
564
582
35
40
460
434
365
46
65
800
580
250
938
625
87
860
59
35
635
442
369
33
233
106
507
471
817
599
925
114
304
232
117
416
153
431
594
108
878
890
979
523
585
478
483
0
406
431
790
697
708
954
305
34
710
960
865
830
555
668
894
373
209
245
153
281
429
190
508
601
293
175
955
696
368
971
799
730
322
35
296
56
888
124
421
103
725
433
736
958
201
466
762
967
875
307
993
56
761
822
343
60
885
132
388
228
750
667
392
10
911
350
272
980
692
258
524
352
670
225
683
34
11
543
89
816
887
269
853
357
964
160
390
440
747
737
566
502
628
260
85
191
120
234
351
759
351
49
894
660
386
635
265
567
183
331
763
481
45
798
965
413
130
786
824
66
920
475
119
696
765
754
398
54
642
160
951
741
276
963
921
266
337
785
515
1
228
53
772
15
338
87
665
1
416
345
424
561
539
927
68
360
620
373
942
802
856
964
563
127
283
476
217
697
113
342
576
701
262
692
87
36
597
262
376
860
318
225
4
255
647
1000
374
153
154
128
931
90
119
964
309
291
568
641
900
522
258
874
861
195
45
172
800
982
905
543
423
176
442
201
465
337
505
50
221
669
528
997
813
42
531
755
357
30
873
395
701
752
441
741
914
505
736
170
604
284
255
365
491
167
230
82
855
389
587
364
882
5
40
73
140
638
310
965
248
869
831
961
556
733
104
197
141
625
81
462
494
187
475
473
641
983
893
965
533
520
914
24
30
707
999
537
46
169
8
469
531
582
219
320
684
57
402
682
114
6
578
36
76
288
383
108
55
345
5
237
358
236
211
950
136
604
441
841
471
771
661
615
398
922
986
506
467
775
380
919
782
476
0
986
45
76
552
240
830
325
486
977
128
66
111
154
861
621
295
304
618
409
194
804
112
369
716
262
427
371
96
192
771
57
810
642
129
726
845
969
983
996
352
55
929
76
833
959
704
976
394
825
437
694
544
909
742
260
260
15
615
336
309
329
123
830
223
245
739
72
579
208
40
976
413
964
478
593
643
530
654
294
302
100
790
998
657
353
161
117
179
116
545
895
740
520
503
15
873
666
818
47
741
110
974
900
615
217
538
738
483
499
325
177
497
522
398
944
359
685
548
366
647
449
883
869
694
956
528
283
726
714
688
453
738
43
317
