951
400
58
394
746
296
342
147
542
691
405
909
465
528
515
242
968
782
174
511
220
296
646
865
998
652
784
764
138
204
601
348
951
74
349
73
662
863
438
544
192
318
326
98
600
903
179
297
445
858
907
999
25
186
660
381
801
24
35
185
945
798
785
645
628
477
401
606
319
152
15
969
255
292
763
856
926
243
608
703
849
897
468
893
899
104
594
323
712
810
321
989
730
918
983
173
361
729
353
308
590
661
64
934
887
371
163
741
382
672
369
29
15
795
862
915
139
864
913
161
225
143
728
879
437
137
771
113
649
364
917
659
877
733
440
382
771
714
119
999
161
789
50
100
883
108
938
176
400
78
315
357
542
323
133
720
646
136
16
745
93
592
439
773
205
589
217
846
838
577
654
55
476
366
406
195
851
871
579
573
991
956
339
485
963
154
294
329
475
687
439
519
800
285
519
351
742
322
407
847
924
467
774
412
576
294
480
675
620
812
316
162
702
208
372
285
473
384
63
98
196
69
641
115
611
352
201
803
767
424
57
366
396
590
180
324
800
130
505
486
340
622
997
142
622
234
437
980
756
626
6
109
472
464
911
299
125
29
422
313
701
152
410
377
700
185
108
488
14
712
220
645
393
284
998
221
119
545
641
635
641
642
666
465
850
309
868
663
278
186
504
235
119
455
534
349
892
523
426
701
540
955
573
71
221
475
341
117
544
485
674
486
148
173
799
878
466
211
566
324
253
234
792
509
799
95
565
661
922
104
286
664
281
239
106
885
321
676
377
537
336
672
477
425
140
94
832
515
310
146
749
933
452
503
469
301
432
271
997
728
875
116
409
917
412
525
205
601
803
727
650
970
142
176
183
645
230
490
751
318
59
71
69
619
653
481
916
386
640
757
142
788
598
133
519
591
882
356
102
194
627
997
809
126
800
359
850
155
591
875
449
631
811
797
234
565
787
494
34
192
319
917
173
841
920
540
914
257
909
107
306
971
872
311
850
103
136
997
502
555
505
129
99
627
877
688
382
480
591
895
252
237
901
104
475
766
828
937
1000
134
36
521
144
201
43
758
112
453
861
491
234
745
687
669
948
440
87
51
722
86
70
487
802
313
810
311
267
118
820
22
511
739
7
184
151
533
94
878
65
150
902
602
212
35
145
832
96
275
598
626
80
11
523
139
374
519
470
405
284
5
984
23
685
825
415
214
31
190
154
907
618
811
514
16
537
280
971
221
773
236
54
61
770
963
127
909
450
321
314
797
547
430
317
620
616
434
729
492
763
584
883
321
857
361
336
812
696
268
290
185
596
160
498
231
981
784
334
486
878
868
988
214
554
101
456
831
567
846
816
192
31
353
826
708
641
581
155
350
128
405
595
847
81
114
56
885
402
289
63
927
888
94
253
966
689
828
364
585
199
675
213
187
698
416
779
521
24
729
696
565
854
139
822
995
805
800
750
441
327
55
647
525
692
923
523
341
894
342
700
814
520
828
715
621
168
488
118
764
415
82
236
665
195
419
95
253
136
193
411
502
614
299
840
510
640
432
298
28
374
131
740
36
724
420
838
133
123
95
35
362
740
939
363
781
338
725
979
38
453
372
371
561
38
979
319
741
48
257
590
686
810
567
595
444
54
550
202
619
419
110
491
812
413
145
349
26
757
227
825
688
568
614
876
725
424
923
508
679
419
514
789
101
592
248
127
113
444
205
375
636
47
396
164
513
71
460
525
915
598
842
618
798
50
479
293
719
407
729
559
946
506
651
851
688
773
24
792
420
388
468
125
753
975
232
178
605
704
826
501
629
760
805
815
406
47
638
755
356
792
937
122
708
47
70
717
909
433
799
237
596
416
969
995
680
817
235
592
787
490
595
16
513
851
925
1000
901
691
829
961
141
149
297
716
259
584
838
963
492
398
748
360
510
237
362
862
944
574
458
833
178
55
461
629
196
136
708
925
767
410
478
994
457
355
7
706
524
204
260
812
356
113
526
124
963
212
784
187
199
823
352
478
561
750
452
876
241
974
794
89
72
596
502
859
778
380
605
102
212
74
986
941
273
371
306
752
744
782
614
85
658
414
842
56
93
897
518
480
854
31
224
729
185
534
62
278
752
417
334
160
819
665
795
985
99
80
716
982
700
697
243
312
515
794
608
836
654
976
958
569
251
119
757
597
230
658
779
178
481
544
677
710
263
879
291
567
325
979
985
609
776
313
850
820
950
96
180
951
467
118
761
710
274
33
783
53
885
543
862
628
897
664
778
45
584
699
978
249
445
286
900
