981
936
11
436
89
297
69
467
507
796
641
529
359
104
825
583
268
456
247
176
973
566
559
330
38
160
942
236
94
703
311
918
116
515
403
4
496
7
260
963
173
280
41
827
308
710
900
119
554
144
949
944
793
729
69
576
139
673
280
298
150
877
267
177
596
914
493
271
861
550
143
689
356
24
270
249
970
147
968
900
310
82
140
88
106
728
834
941
48
494
470
786
603
409
305
74
167
757
421
377
225
848
982
735
470
809
336
302
127
395
680
711
917
443
58
323
835
810
270
72
847
381
387
613
220
987
256
885
587
390
553
664
898
376
411
670
576
163
127
66
394
290
809
385
394
454
205
113
503
950
797
117
179
17
179
628
32
793
890
772
292
436
730
871
854
960
561
694
191
844
162
806
623
479
794
346
10
139
113
214
458
1000
99
553
22
264
370
617
846
456
54
843
579
821
380
418
186
421
627
6
957
225
216
37
21
757
940
949
717
236
464
157
527
174
611
821
484
955
939
470
370
265
540
160
311
831
266
110
110
150
115
264
528
704
711
221
35
665
244
338
267
899
828
384
539
359
26
367
594
980
587
913
423
146
694
475
377
780
34
348
103
260
10
153
872
896
481
225
325
850
16
795
45
507
960
875
755
965
353
762
546
326
235
324
955
227
847
321
260
393
647
719
849
45
318
686
72
183
36
732
265
862
615
987
717
847
463
695
184
302
768
990
136
621
577
659
965
308
820
612
660
599
130
776
151
680
654
401
338
242
295
950
948
780
713
958
755
458
67
150
797
806
633
205
650
956
485
657
167
607
585
491
462
893
580
208
127
927
93
517
679
877
290
501
790
56
442
419
94
526
735
67
889
276
14
895
694
569
756
169
379
820
847
371
757
284
497
762
117
273
661
567
736
555
937
533
294
598
444
997
202
708
496
656
906
720
571
827
336
36
587
378
50
773
625
813
71
739
545
23
777
477
735
964
364
328
618
717
456
374
703
364
922
253
576
956
655
837
116
750
53
766
581
832
73
492
155
628
778
456
925
353
98
228
833
157
844
991
85
403
727
895
247
518
810
672
755
346
14
383
598
594
729
818
288
370
422
771
307
948
46
384
829
167
447
444
795
55
75
356
546
65
787
842
289
559
161
751
689
418
414
468
149
272
318
785
797
344
334
771
755
982
476
597
193
271
369
653
53
28
512
908
677
10
832
117
357
544
12
289
283
935
580
813
181
589
64
431
160
857
391
60
683
63
930
405
785
480
888
626
954
662
801
45
310
23
370
508
734
687
408
194
843
770
926
586
896
59
829
170
554
379
325
592
497
496
436
120
36
994
770
382
396
403
890
217
750
805
547
624
131
687
328
951
539
743
235
699
896
771
677
792
475
367
326
593
544
146
309
519
425
269
362
931
828
290
67
553
157
32
917
585
956
307
296
944
736
940
812
297
467
430
401
244
910
26
101
897
145
188
118
464
593
351
694
67
414
383
782
292
450
592
929
22
651
937
755
367
997
71
906
9
419
860
727
359
925
613
656
53
186
234
273
466
661
688
187
915
598
475
231
841
129
362
479
392
827
245
764
618
283
227
841
155
174
963
553
372
624
162
637
40
205
687
235
528
259
259
566
192
483
997
584
186
712
5
933
834
941
12
511
977
197
549
216
768
807
842
733
333
692
682
601
721
703
649
736
526
574
229
887
234
931
28
783
304
55
346
187
448
890
697
552
285
858
875
871
11
947
661
306
503
296
338
55
442
65
468
160
195
906
15
964
647
120
143
743
931
239
995
901
915
873
527
986
708
635
847
556
207
198
404
185
961
184
391
703
850
922
672
751
986
179
731
307
783
144
220
511
39
807
721
475
283
915
533
418
35
326
812
140
695
472
547
877
411
784
65
417
762
246
203
201
563
665
632
711
985
811
772
759
780
879
412
483
59
737
877
54
473
862
712
46
627
789
320
312
908
648
673
887
927
377
526
437
100
509
944
882
351
188
375
491
739
67
946
539
300
572
887
287
889
651
854
994
146
744
234
416
211
612
897
758
804
48
220
568
685
498
805
484
728
231
895
597
546
511
233
14
899
222
402
792
873
793
325
79
865
144
151
35
227
971
989
754
577
692
184
248
272
299
951
352
85
576
32
711
241
741
297
650
87
597
959
417
645
177
666
280
755
431
327
225
351
757
527
740
328
544
643
352
755
860
994
673
979
162
832
370
709
809
251
435
547
993
387
107
93
208
848
798
223
84
885
392
652
911
604
691
560
215
273
776
10
438
549
79
449
60
868
