799
603
53
82
584
453
164
24
607
688
408
645
727
502
759
716
569
721
912
654
94
565
875
349
181
118
191
351
197
419
229
416
52
184
771
847
539
930
805
812
579
133
573
340
620
610
448
990
508
814
331
358
975
47
360
941
234
81
227
204
16
671
481
66
94
993
187
776
838
687
855
676
466
686
46
90
3
332
80
175
542
178
984
648
784
715
584
26
79
825
529
699
625
454
682
519
336
187
195
272
445
896
152
564
24
133
993
60
48
903
112
692
92
867
853
425
230
662
288
107
781
116
353
112
984
114
864
759
540
315
134
265
835
802
157
679
161
753
611
135
301
516
53
29
523
32
215
886
910
354
940
926
365
796
143
987
164
944
843
712
480
837
7
526
560
974
287
537
64
212
854
29
917
919
25
466
841
518
851
583
808
189
473
2
607
170
682
130
852
229
941
418
625
85
187
873
516
582
4
983
286
632
540
325
476
795
930
164
987
532
546
557
417
258
366
581
910
153
794
860
255
448
895
277
768
569
100
139
112
906
832
930
796
863
954
43
29
809
425
897
202
294
164
296
81
139
200
679
724
136
542
824
463
206
175
795
644
956
290
75
802
830
531
58
375
392
416
704
56
178
848
754
326
533
950
982
915
905
243
524
876
203
579
998
177
48
418
766
390
224
783
984
728
404
857
900
721
36
348
700
619
296
909
163
762
707
183
542
344
860
27
76
543
447
403
965
152
473
902
581
721
909
12
301
429
249
434
393
935
892
488
597
171
618
381
667
59
822
694
456
929
908
785
149
320
275
409
927
936
554
8
763
592
399
383
975
324
947
641
643
949
504
999
471
571
601
209
162
712
967
15
393
625
482
303
726
205
86
766
528
568
437
90
869
721
291
582
576
597
646
445
452
682
667
556
925
525
924
579
923
847
910
786
431
389
563
29
226
652
764
684
640
242
51
824
49
506
742
537
72
89
666
15
705
960
821
881
422
216
554
146
795
13
301
522
741
824
956
771
461
410
380
93
428
504
898
767
34
409
717
565
296
252
409
716
413
101
993
910
174
170
372
544
942
507
13
964
817
727
574
2
499
413
311
781
931
891
678
959
67
805
196
969
540
634
260
314
40
640
817
617
164
809
616
672
457
312
686
730
122
546
343
620
743
612
469
949
161
62
968
534
207
78
402
850
869
706
876
414
825
852
36
582
588
379
326
130
403
690
60
396
819
128
15
57
700
933
225
487
444
88
986
105
201
650
465
322
424
860
530
430
470
906
575
91
340
93
164
549
296
525
293
109
990
665
445
909
146
520
409
776
740
747
658
273
518
841
744
537
775
980
608
268
884
181
866
283
60
924
437
447
251
567
437
603
101
476
557
983
545
450
293
14
442
185
628
507
387
108
564
301
606
954
360
833
983
950
505
324
503
559
992
52
343
220
674
510
683
876
431
871
264
707
183
829
216
234
397
811
808
672
252
988
411
88
399
433
308
281
215
105
4
538
182
94
481
613
576
649
535
574
158
341
445
684
473
916
79
588
15
822
802
218
467
791
330
676
486
197
436
755
155
690
329
881
219
590
287
404
755
420
804
89
315
164
606
722
979
409
701
156
257
256
717
301
98
716
159
737
50
457
117
113
172
322
270
248
600
544
100
269
813
709
33
314
848
500
581
288
120
513
614
380
769
496
566
583
999
68
721
779
736
977
286
949
793
749
943
144
682
736
143
487
908
440
280
550
250
143
985
650
105
88
256
222
992
835
306
253
322
972
636
120
922
779
511
262
522
694
666
961
905
868
33
512
73
540
343
232
979
430
114
568
943
951
214
328
26
1
130
225
492
296
896
319
944
534
289
995
623
574
19
365
926
380
481
990
511
145
682
268
206
106
82
544
446
636
578
919
464
274
927
800
57
741
459
785
6
713
860
700
903
351
118
61
920
7
834
122
934
519
833
841
227
222
554
639
954
240
325
923
914
661
202
951
226
278
729
24
170
342
700
672
714
526
584
840
240
411
576
298
512
17
289
668
936
531
773
440
164
331
80
838
282
599
864
721
133
522
590
984
320
963
49
698
527
804
940
579
956
694
31
737
13
769
891
483
171
154
578
286
567
264
786
406
936
748
743
156
453
666
657
534
309
245
316
625
761
556
580
49
426
143
942
776
885
849
265
33
285
345
131
241
534
441
597
458
237
464
14
259
289
229
359
685
101
932
172
215
478
318
712
974
286
645
366
951
489
571
840
256
890
369
773
651
756
19
275
322
896
422
701
121
62
430
487
146
525
251
893
