861
450
939
948
646
570
212
168
813
315
46
135
97
864
563
181
894
373
141
370
244
608
619
193
187
40
218
288
110
824
405
182
229
18
317
791
967
289
588
291
559
109
397
247
313
101
246
675
561
237
485
637
560
186
472
112
68
466
262
90
462
434
716
545
458
755
310
460
945
315
66
115
114
667
420
846
26
130
529
107
37
579
858
279
814
491
938
901
774
930
6
734
105
794
859
603
345
911
208
601
233
741
632
652
521
995
668
105
891
203
570
42
969
395
380
503
947
922
869
524
905
59
918
930
848
521
243
424
824
118
793
275
557
100
261
715
479
49
117
801
844
578
596
834
660
133
355
768
504
506
280
649
920
377
873
936
213
803
220
665
963
905
83
282
926
91
612
158
680
966
455
776
691
808
904
492
457
437
691
742
280
294
71
553
510
904
536
389
623
253
236
407
996
516
237
673
533
345
149
981
23
161
753
930
90
395
452
114
333
230
876
714
310
388
614
819
183
238
150
410
360
310
44
628
881
657
127
615
911
471
409
655
407
780
246
685
876
886
287
64
69
180
512
477
895
917
934
555
464
963
689
230
794
187
807
671
830
616
893
316
906
443
386
776
671
194
320
452
816
607
454
683
284
584
263
484
452
553
759
467
177
494
722
19
78
138
610
781
389
71
522
730
288
916
996
559
623
936
550
281
546
702
724
402
123
600
502
433
541
916
343
841
831
258
488
131
941
683
850
945
486
585
899
310
599
670
67
478
628
433
415
8
73
725
607
106
573
104
173
390
372
23
473
294
235
168
831
437
3
110
862
333
721
509
916
182
751
101
297
35
21
580
717
627
299
621
330
630
411
379
304
565
458
911
821
822
452
44
435
132
502
561
286
788
597
990
151
130
709
478
437
943
125
876
488
710
924
638
493
559
420
850
173
120
380
434
938
531
694
741
625
842
460
233
799
956
298
724
290
901
611
318
793
328
27
323
949
2
59
985
187
449
397
545
362
881
846
917
14
306
439
933
939
245
662
415
14
250
85
929
666
231
790
779
57
546
748
937
266
56
691
956
44
826
153
92
132
122
557
129
988
897
638
665
575
976
539
102
265
869
509
449
163
235
475
509
854
199
942
728
141
876
793
752
25
30
495
684
992
374
141
52
589
470
710
560
757
854
838
549
910
638
898
625
139
943
913
662
377
656
740
235
974
284
113
881
261
286
0
408
805
288
657
729
696
178
469
590
100
492
683
84
645
790
24
214
984
658
250
269
841
845
8
262
420
378
802
714
934
202
901
906
444
19
487
895
418
477
902
274
827
901
230
575
529
564
241
90
832
370
334
189
804
276
212
737
21
56
157
738
189
593
95
635
945
669
870
951
150
917
951
921
385
507
357
741
157
572
817
465
992
783
578
138
565
561
703
293
573
937
1
59
520
198
952
911
55
582
2
18
436
834
441
551
383
119
58
274
164
431
194
825
124
406
248
369
168
233
70
873
395
792
596
965
228
494
31
912
752
662
187
64
933
742
892
355
64
617
276
384
875
622
241
328
564
916
163
393
33
752
762
527
489
262
744
180
683
268
719
605
821
750
594
650
891
946
363
278
536
845
17
250
178
961
937
316
465
487
225
254
915
832
661
476
341
67
971
61
384
596
202
602
351
639
260
823
793
379
343
411
115
294
749
802
278
890
196
976
945
624
785
780
343
62
362
997
252
753
729
774
624
266
360
919
709
283
337
871
962
582
857
120
431
234
808
611
652
624
312
268
426
699
178
566
533
205
212
37
223
745
751
556
907
684
859
377
38
92
256
842
91
994
603
907
499
207
840
594
4
792
654
199
37
733
743
884
74
159
138
5
273
229
987
100
575
764
670
69
760
792
756
188
671
564
26
904
812
455
431
628
139
321
363
235
841
128
939
530
514
655
610
844
339
362
492
710
307
283
454
821
83
450
460
521
385
735
87
997
875
608
711
121
951
637
67
413
52
834
528
510
919
37
310
641
109
100
315
296
813
512
531
216
307
257
929
453
703
63
69
635
759
558
705
641
931
55
240
258
204
780
954
504
23
749
250
686
268
776
23
971
694
683
988
774
162
3
712
688
125
126
968
956
775
394
574
671
241
565
581
913
554
4
852
283
694
773
682
764
255
741
327
866
747
641
894
399
920
469
730
22
290
294
105
14
72
588
796
227
381
888
366
416
468
696
930
262
525
520
506
27
108
123
301
615
393
927
926
975
73
583
493
260
731
623
440
333
777
188
825
354
363
120
890
232
967
930
354
715
295
424
