590
268
566
414
50
23
262
850
506
695
960
870
35
127
619
501
329
837
637
738
946
168
741
434
471
530
368
181
0
154
251
100
8
647
891
476
973
46
680
241
931
543
304
202
507
300
452
423
625
714
525
223
162
707
711
709
223
508
839
762
131
822
871
150
412
377
11
409
408
961
119
663
404
79
231
452
254
106
887
561
177
169
732
131
37
793
904
309
574
144
942
164
577
826
45
263
108
28
57
442
283
612
391
725
798
105
931
804
968
585
71
531
857
612
351
488
371
656
285
384
897
696
487
958
53
558
457
936
172
234
477
577
593
957
233
740
223
270
937
659
597
284
164
841
428
575
258
240
973
470
444
150
805
251
876
727
326
913
438
878
859
104
682
775
425
699
228
150
253
702
977
490
669
4
456
445
831
806
515
284
102
472
880
738
718
422
37
40
961
746
120
310
676
727
669
377
460
712
562
213
983
939
379
499
468
286
14
665
105
421
461
206
892
65
883
419
555
667
93
704
854
59
146
901
13
750
846
394
934
142
416
588
696
78
723
209
950
307
226
544
228
5
907
256
129
905
152
884
748
383
310
985
492
140
200
789
559
992
204
658
662
3
114
996
553
169
610
110
546
955
425
600
630
728
722
173
612
39
536
531
702
6
621
733
119
852
990
150
512
734
243
476
924
109
428
71
282
356
532
782
560
24
203
24
819
89
465
738
849
241
645
956
316
998
741
304
9
39
877
191
758
283
918
213
984
202
841
947
540
88
115
828
520
816
191
410
87
566
159
987
30
680
902
375
137
673
178
912
170
8
867
193
349
4
31
277
154
343
897
577
968
28
998
488
854
341
945
189
983
552
250
144
835
189
522
606
753
674
407
377
719
604
280
757
277
304
986
320
13
324
958
737
465
775
172
230
481
264
781
901
290
727
718
622
10
470
298
202
93
656
476
788
437
295
589
194
844
235
362
349
847
330
869
346
778
850
165
393
723
557
452
568
202
283
712
757
819
311
459
637
129
140
970
598
630
251
779
238
931
922
145
105
337
870
354
86
630
449
329
793
681
924
915
554
431
227
637
259
794
627
901
268
921
7
780
615
157
965
888
783
619
721
332
926
271
60
584
941
325
515
771
740
555
990
766
998
394
481
227
230
230
861
755
852
233
170
234
274
687
102
586
390
838
845
343
53
754
525
132
598
719
672
261
224
905
975
888
184
159
967
486
875
700
795
974
667
951
254
589
425
999
992
674
942
94
710
736
529
227
378
504
889
803
736
515
349
900
387
333
272
185
191
876
458
214
597
762
999
449
817
673
883
996
282
783
649
413
975
549
177
43
155
316
282
152
952
58
631
390
173
215
589
146
751
715
612
666
388
693
527
826
152
398
449
305
804
535
59
452
46
718
682
193
531
302
848
304
254
34
814
924
67
906
214
496
284
960
255
905
652
230
420
851
713
17
767
197
405
363
25
216
507
853
606
273
155
236
867
456
820
686
291
41
450
277
637
685
403
624
336
123
344
827
222
535
38
797
361
835
256
60
676
736
195
122
999
440
892
172
174
107
751
154
776
741
780
171
873
121
985
412
53
401
705
801
308
69
766
632
366
955
403
318
289
776
463
767
653
736
458
950
616
433
48
528
990
404
460
93
688
124
266
350
205
980
475
436
535
380
29
623
700
471
251
512
628
677
474
369
281
65
526
159
168
970
264
313
357
832
96
387
93
645
889
309
777
185
354
767
918
890
903
90
398
412
46
613
506
762
351
243
844
206
162
589
445
988
409
643
866
760
53
59
766
78
565
287
616
992
442
103
943
843
73
838
46
152
656
636
60
163
162
559
557
689
420
183
790
24
260
537
901
844
257
924
619
177
801
405
927
86
286
849
121
664
628
693
175
210
202
976
820
310
604
280
838
55
823
597
23
190
563
845
83
602
718
1000
423
829
213
500
340
608
905
667
908
913
502
953
173
498
581
342
901
244
475
280
512
347
771
807
192
508
415
920
217
414
832
858
700
625
776
290
489
869
588
148
127
581
910
377
953
769
791
931
600
391
240
460
469
71
218
534
587
524
90
779
384
186
763
222
837
140
474
574
290
340
752
617
737
282
528
950
887
968
43
832
812
418
454
13
783
359
934
280
705
65
183
569
798
898
228
704
766
793
686
946
742
992
447
918
443
877
384
154
114
532
268
805
669
549
136
385
51
728
429
48
325
958
588
824
991
928
520
460
888
658
349
346
970
992
775
363
180
339
977
943
481
183
436
349
616
357
665
586
432
142
690
598
557
