807
587
172
668
60
889
796
523
648
649
519
437
321
116
128
297
740
370
975
185
218
796
623
553
403
856
186
624
991
513
305
697
411
599
50
57
839
827
498
984
510
363
845
267
795
447
432
835
548
412
538
97
69
132
899
15
394
400
72
629
91
155
554
854
894
1000
819
997
196
216
938
115
323
271
481
1
243
295
322
184
244
729
924
349
529
586
723
595
933
77
403
336
336
793
394
623
355
397
241
413
52
745
988
632
679
235
719
789
504
807
316
838
263
324
624
577
929
764
703
430
806
388
579
493
10
240
289
117
685
245
629
346
615
510
409
664
148
741
140
618
199
355
19
278
383
993
100
311
937
444
576
216
113
206
957
965
560
98
127
632
888
799
874
245
211
812
870
126
38
161
573
685
112
706
318
0
131
668
739
209
546
708
688
901
320
420
896
968
139
544
481
212
399
744
825
81
725
707
862
923
452
849
627
552
728
670
238
99
431
286
813
751
994
371
941
75
294
313
804
114
726
680
924
285
683
390
711
362
303
275
843
66
138
734
941
525
230
651
856
790
243
755
853
221
140
358
85
210
777
632
788
212
499
722
220
962
202
625
280
398
616
611
662
544
306
537
894
276
790
463
354
24
20
390
956
418
854
586
750
412
975
616
903
862
218
770
369
736
340
160
284
258
122
791
131
214
163
679
101
813
431
814
24
312
560
580
620
607
916
735
882
474
440
238
888
149
778
676
916
125
196
588
894
358
118
858
145
907
282
681
532
187
455
292
350
808
533
774
207
619
994
229
477
77
122
573
84
710
695
111
77
816
133
285
181
485
204
261
673
663
289
974
608
283
368
512
476
379
403
458
777
710
506
215
687
610
5
5
659
800
855
476
676
881
40
204
474
280
739
676
943
108
754
936
861
515
294
359
225
626
752
736
948
148
803
846
811
978
735
784
231
825
261
101
864
131
378
54
819
179
711
885
907
16
638
330
578
833
838
414
964
166
248
926
550
251
669
209
509
416
735
155
472
216
463
676
645
561
844
532
274
767
724
838
309
857
147
462
678
578
460
264
73
97
545
781
139
405
118
26
820
718
527
806
170
818
414
691
784
930
54
591
260
457
334
489
587
927
650
649
118
450
163
840
245
322
472
228
278
289
187
701
514
65
711
111
46
763
259
611
22
368
533
371
236
200
797
52
254
485
69
434
353
379
997
858
963
42
785
992
344
362
480
56
322
954
404
633
951
148
563
612
860
952
112
445
245
391
538
778
792
570
930
158
524
551
89
696
55
123
454
504
157
574
940
268
927
446
97
986
547
635
377
587
455
671
101
941
783
145
513
73
371
773
494
452
276
642
603
879
471
248
646
200
357
48
881
716
762
346
166
83
222
260
618
420
732
657
596
885
351
43
973
353
45
853
819
809
140
568
481
614
302
207
17
71
248
80
228
98
889
867
148
891
246
705
379
288
306
920
676
401
7
942
352
266
38
491
236
720
927
908
370
278
986
587
499
997
24
214
585
644
86
107
129
887
502
215
41
392
827
272
217
360
89
622
8
534
624
803
136
982
52
731
525
598
798
685
903
94
970
312
804
144
337
863
932
771
171
373
399
207
309
216
610
337
823
259
692
68
757
306
546
984
146
748
61
492
571
190
671
598
135
283
991
762
154
71
44
235
832
639
553
346
87
213
371
816
42
548
877
13
613
661
482
555
164
21
676
711
127
945
112
165
216
904
723
384
952
856
238
57
889
639
212
342
55
871
674
213
433
989
430
2
16
532
408
695
208
687
705
19
532
186
341
996
677
662
863
100
378
446
797
681
612
358
909
88
395
553
602
877
835
963
387
507
765
103
585
261
271
68
184
794
217
949
487
442
763
293
307
669
586
871
26
856
747
182
193
407
959
990
868
185
435
944
230
234
535
396
320
220
759
229
536
792
913
658
120
217
196
5
844
259
946
849
643
437
331
763
998
879
180
270
261
315
214
188
840
254
780
476
811
854
109
114
148
260
736
818
642
747
358
307
421
591
432
985
526
182
351
511
843
72
772
312
773
181
257
742
13
694
347
495
239
379
193
595
685
212
573
794
232
442
903
2
518
64
205
638
72
993
649
312
247
616
241
702
416
700
359
187
589
393
401
845
202
979
768
762
346
252
963
419
315
733
471
97
962
548
88
501
431
230
187
158
834
359
966
937
386
98
477
380
730
122
931
423
351
575
835
384
540
397
983
726
404
35
775
531
65
795
43
760
378
827
724
396
164
793
82
979
113
948
126
215
700
427
781
254
