829
791
559
122
437
173
486
915
598
334
822
653
497
694
551
208
898
781
376
492
542
414
745
975
925
28
369
648
234
453
837
225
763
617
485
142
942
462
880
462
663
274
19
617
472
582
267
936
924
627
240
860
172
911
307
704
928
559
991
913
188
741
448
711
143
524
61
185
371
137
766
8
204
221
580
974
279
884
795
158
258
36
511
307
260
585
965
871
510
329
196
619
37
898
203
317
604
688
25
831
307
197
184
562
666
447
281
484
446
391
461
170
370
86
338
822
868
89
182
699
192
186
693
168
144
145
338
556
588
402
361
658
426
136
413
129
406
803
124
64
555
880
547
458
238
10
139
381
417
84
392
861
716
397
700
381
129
448
537
700
620
80
985
296
517
712
44
226
362
2
936
987
538
797
175
421
763
438
272
334
166
797
421
749
404
518
984
126
986
517
165
57
211
405
959
169
637
161
104
986
789
815
316
412
577
68
391
794
859
338
923
934
730
741
150
874
512
880
764
284
335
1
291
915
974
41
77
739
500
52
835
30
658
994
197
838
832
157
328
303
590
755
883
0
62
133
664
688
958
930
133
567
655
900
694
638
201
990
512
298
963
780
583
94
790
21
774
560
199
774
126
456
612
254
676
868
485
749
212
792
970
606
311
14
16
835
216
545
704
704
321
841
413
884
865
313
693
126
775
76
427
540
9
633
948
456
656
475
556
153
542
688
756
127
801
551
852
23
496
240
311
57
895
233
64
12
8
954
147
879
650
905
844
953
927
159
106
884
239
528
232
683
787
536
509
437
668
70
327
736
394
543
353
933
270
882
870
614
157
74
414
362
773
157
490
648
671
81
13
215
751
342
629
679
716
921
820
648
693
37
200
979
409
704
769
363
925
267
337
673
206
149
41
182
887
682
881
55
344
558
869
913
419
624
327
331
694
830
783
725
936
52
984
675
292
352
378
602
372
923
981
33
112
71
751
716
810
982
377
342
1000
533
721
764
271
600
947
886
240
235
544
753
8
221
524
969
687
734
185
570
365
456
284
1000
672
984
101
670
41
497
448
885
631
143
394
965
970
421
948
659
131
7
29
524
827
447
213
923
868
434
442
224
866
278
619
644
908
309
355
905
63
619
637
461
971
403
426
832
46
461
904
701
31
220
713
932
775
802
49
413
386
702
90
908
129
744
47
671
380
832
130
815
514
326
402
11
95
43
337
25
721
621
724
965
657
6
797
611
163
739
223
345
367
39
886
459
563
258
926
134
884
0
829
589
800
734
232
366
720
942
79
240
867
122
472
803
991
888
974
136
898
105
927
91
348
280
46
871
952
107
854
175
738
87
886
78
618
210
838
201
664
75
261
710
443
425
323
562
746
549
67
532
550
146
851
815
756
500
930
816
766
52
231
985
785
387
959
474
986
587
592
814
714
984
215
295
212
821
270
105
312
487
13
21
401
194
970
926
209
182
391
358
700
654
719
588
3
75
864
997
659
76
135
761
543
810
217
258
265
482
615
198
50
340
124
870
885
926
687
927
991
42
961
959
974
343
871
842
645
417
697
315
829
366
951
743
393
524
389
892
626
747
219
889
445
59
110
894
593
48
326
19
608
313
940
46
972
869
711
424
79
699
187
823
960
84
860
101
659
300
338
741
574
462
138
567
887
595
972
252
805
912
587
787
929
188
633
299
623
449
842
983
364
375
660
385
197
755
9
893
149
734
471
796
313
624
772
879
842
377
338
683
949
928
451
235
226
262
782
409
686
828
201
580
560
166
747
407
695
836
801
791
838
411
544
7
84
284
62
136
698
346
490
916
790
868
641
408
694
605
693
627
568
307
971
937
388
277
860
869
5
178
226
931
994
277
766
301
573
219
32
162
224
216
634
410
950
103
929
144
144
438
33
300
221
929
447
332
816
997
626
704
590
302
985
654
143
767
927
196
341
456
718
541
560
896
900
211
539
800
831
497
715
891
329
314
319
170
83
198
23
143
845
571
538
308
668
665
69
512
342
831
949
88
792
58
169
597
489
428
38
671
105
242
1
710
521
932
650
845
807
26
238
978
743
798
114
983
512
547
152
563
492
678
15
669
711
396
780
410
541
107
329
883
209
1000
649
490
169
770
378
653
134
867
632
702
4
983
579
607
697
416
456
361
51
455
225
685
302
463
454
326
617
943
842
889
61
733
385
775
984
355
825
727
981
651
815
504
990
779
334
916
529
269
873
506
794
212
23
645
643
942
817
210
24
166
704
885
62
785
372
286
341
381
632
705
346
352
481
741
