591
705
592
578
719
99
241
357
221
474
159
846
12
876
739
410
45
442
589
678
495
816
272
822
477
802
993
195
985
879
63
226
283
614
793
354
695
598
782
61
483
954
849
877
941
424
454
863
243
673
127
64
686
74
479
346
691
477
275
218
242
557
137
859
125
747
797
916
754
229
492
880
897
840
738
957
709
530
391
600
176
965
203
211
123
971
682
952
41
74
197
288
217
697
361
569
635
442
363
727
496
967
650
952
585
99
355
181
986
896
250
692
48
910
688
451
373
742
272
807
166
503
459
947
586
415
803
862
57
351
682
667
672
976
396
259
340
178
350
498
525
716
639
721
485
326
843
538
308
476
641
705
183
762
229
92
25
56
328
375
456
448
868
672
721
487
385
717
522
44
97
865
169
271
5
209
289
899
700
188
143
659
861
14
804
793
944
606
692
618
565
354
619
759
615
322
354
347
442
822
846
128
922
730
311
116
139
540
634
26
149
627
751
672
693
930
74
827
901
342
986
967
614
976
342
60
14
936
205
827
277
419
446
309
258
662
907
544
249
745
829
656
8
512
153
50
905
613
596
328
210
257
559
522
230
614
558
376
728
765
437
841
61
270
419
890
44
229
798
772
100
354
694
630
62
177
570
179
601
93
185
55
938
175
428
746
629
206
912
859
697
160
131
339
408
507
691
325
921
551
480
266
209
301
260
498
553
19
868
135
740
202
513
375
220
714
116
909
228
825
605
600
309
234
135
408
418
296
914
622
849
27
891
202
966
535
574
468
240
689
5
615
349
947
758
251
603
862
679
899
928
767
931
357
999
23
706
143
409
487
254
120
143
577
26
43
26
360
410
907
892
122
721
330
96
697
943
354
317
568
208
161
18
715
505
736
668
742
217
741
381
35
236
554
597
953
561
941
600
308
755
238
460
762
883
366
310
815
725
737
243
589
416
269
815
906
260
897
684
894
443
48
330
860
873
262
906
940
497
868
263
904
431
180
938
249
387
488
84
387
888
699
716
712
650
724
445
964
548
793
89
366
161
280
552
79
404
927
677
140
112
495
278
395
728
398
533
460
943
969
388
905
282
597
732
454
291
768
666
730
86
490
419
26
301
936
974
697
674
876
934
246
576
977
824
601
918
207
916
875
788
675
873
508
774
585
975
223
339
457
475
83
437
562
657
490
150
996
835
86
153
429
919
461
0
461
95
405
47
356
774
591
184
30
413
2
829
266
533
57
63
381
297
902
705
548
603
778
859
474
656
636
587
255
919
31
292
532
761
717
369
538
738
24
559
477
259
507
240
662
226
713
762
695
298
698
40
3
947
44
640
366
646
906
208
621
846
908
195
409
633
74
798
539
931
291
733
792
36
46
86
177
8
488
488
669
757
313
851
443
52
828
7
599
981
172
310
44
336
501
112
936
314
251
935
418
807
425
14
53
530
430
497
612
840
944
731
905
630
224
958
384
539
72
470
862
550
206
531
742
588
637
969
214
786
138
183
655
444
149
700
982
196
713
578
694
824
247
816
340
258
921
73
773
367
549
761
867
653
526
400
749
673
126
635
394
403
498
174
887
483
183
89
960
618
298
915
465
342
217
475
17
377
274
733
11
635
48
911
478
51
576
502
20
638
854
380
151
571
17
983
172
629
614
560
632
13
419
202
164
296
188
615
90
726
512
526
227
703
967
674
494
509
622
506
676
231
694
943
481
117
625
665
694
210
821
605
846
748
195
509
337
838
486
52
280
128
422
6
131
430
195
767
995
845
599
559
315
478
692
526
822
402
666
412
243
646
306
105
756
624
643
983
180
52
386
212
687
980
698
201
314
97
535
625
109
942
587
947
295
685
299
241
86
362
87
328
849
452
559
814
506
166
947
785
138
716
393
709
21
81
640
913
349
145
483
65
343
703
880
401
154
477
81
963
65
901
75
273
75
113
319
616
359
598
860
673
371
954
608
822
116
66
644
517
806
743
799
440
729
930
382
382
274
628
633
420
220
636
568
603
147
491
126
823
469
585
437
385
397
784
516
576
807
249
74
615
52
616
731
484
348
584
891
417
16
992
895
364
227
717
165
67
859
457
277
259
686
546
61
342
144
466
664
270
563
735
139
79
657
180
460
228
871
593
899
431
314
134
503
54
701
393
397
575
241
312
89
843
744
71
887
494
496
1
393
449
219
774
616
88
12
404
490
439
689
576
295
86
371
164
14
154
863
926
287
906
515
879
274
420
229
440
882
301
985
22
129
615
196
900
281
352
811
317
119
746
657
915
600
