147
60
107
854
243
775
613
737
82
103
711
836
507
939
324
101
343
850
559
509
689
778
939
379
551
288
176
140
17
138
633
377
932
246
34
274
284
875
391
139
494
680
639
126
632
536
205
504
110
755
755
456
246
175
410
9
584
604
196
153
26
655
6
688
568
51
904
107
272
612
848
384
430
430
819
942
785
617
15
5
387
762
19
980
997
198
910
178
872
584
527
544
997
363
458
254
430
917
509
433
729
30
744
95
21
797
85
68
531
230
481
747
921
681
934
407
822
895
197
330
744
62
969
450
908
282
754
380
966
305
434
533
911
969
611
874
519
40
491
482
0
65
230
252
341
904
81
933
978
802
99
828
337
844
588
111
398
349
385
202
661
20
85
527
131
722
823
861
249
783
182
671
212
184
440
515
750
449
987
497
581
354
997
423
588
623
364
366
662
232
131
967
830
915
836
197
276
281
693
659
251
912
604
750
23
260
623
985
477
495
678
802
415
460
234
769
568
230
744
555
423
605
865
387
258
16
749
138
698
576
350
530
920
991
522
586
14
619
784
968
261
54
458
531
484
755
905
140
769
907
303
919
294
88
279
145
531
723
475
921
268
610
548
740
148
929
366
970
281
615
405
947
276
571
911
814
934
887
938
778
297
11
689
219
384
857
91
521
862
684
472
980
686
158
64
119
994
134
566
166
965
444
367
23
600
155
960
17
219
225
432
655
488
956
771
478
268
562
188
630
353
470
725
420
84
344
359
985
149
785
91
732
191
720
857
308
48
849
711
509
287
285
835
534
717
58
49
391
297
241
93
360
721
668
489
378
758
397
27
460
126
671
561
883
727
876
322
688
330
404
844
279
113
819
950
411
494
75
625
328
747
176
476
344
299
679
770
950
253
35
481
551
120
297
267
945
862
570
386
677
617
181
239
934
832
225
667
415
855
415
725
322
407
835
552
457
5
391
651
631
7
561
159
537
477
953
276
792
518
859
707
272
114
376
999
628
167
524
84
967
795
459
209
77
509
823
582
839
364
560
15
770
460
94
84
781
424
663
361
173
765
714
467
190
891
825
966
580
848
31
743
920
836
144
636
289
547
807
400
184
158
542
460
348
340
752
699
857
951
135
720
986
242
335
919
829
171
386
520
267
631
822
593
774
285
830
625
213
400
840
738
161
967
761
269
241
31
692
681
594
944
952
789
630
303
125
714
49
82
302
939
200
427
842
447
494
134
818
816
608
635
791
460
236
142
696
417
690
23
946
545
32
704
507
140
11
249
308
554
754
556
811
391
737
370
293
563
112
477
580
894
657
626
184
243
931
375
282
849
892
619
473
15
305
577
239
540
123
298
633
1000
729
161
434
286
841
255
462
831
392
461
48
390
393
439
186
68
266
795
709
997
625
637
740
111
150
988
495
154
452
596
117
92
355
908
305
25
435
967
55
457
675
712
234
19
849
344
361
555
603
623
606
924
106
919
310
648
827
487
432
847
418
6
891
20
936
987
884
323
957
62
418
901
320
657
21
250
856
454
361
488
992
138
21
385
223
564
257
281
617
954
13
17
5
955
748
409
90
708
896
446
834
626
954
101
925
911
385
806
94
262
577
508
302
739
115
979
205
793
928
812
589
928
214
750
55
93
258
236
751
310
348
628
564
8
870
730
973
98
178
253
96
192
672
575
29
86
913
475
362
724
888
152
692
911
502
537
387
413
829
827
101
18
809
163
503
403
176
755
460
870
426
609
268
894
87
871
499
164
126
818
755
50
886
42
847
509
388
127
789
319
572
953
388
378
617
21
730
117
611
898
619
351
812
482
156
464
32
229
471
140
189
524
418
957
566
744
443
988
845
560
626
877
312
70
950
795
876
643
276
814
606
745
144
230
235
981
938
425
470
44
7
162
439
130
885
971
453
692
783
215
223
325
962
99
688
439
468
798
184
956
62
574
333
380
546
552
760
232
952
819
975
552
533
801
240
193
498
416
626
987
186
24
459
530
451
46
320
403
937
55
104
870
780
690
36
890
128
552
366
427
281
375
132
952
170
133
81
669
715
437
608
602
387
801
855
327
138
545
140
849
399
780
256
898
258
314
754
516
721
894
111
324
154
790
103
782
803
336
852
37
30
151
789
185
697
375
195
742
645
367
101
259
856
64
822
527
906
71
270
285
626
68
5
966
412
481
852
661
706
66
876
249
511
200
762
998
947
803
373
199
742
83
111
285
482
795
628
781
674
612
521
632
254
291
383
571
483
573
643
476
794
313
419
232
428
959
693
363
791
