473
256
310
608
879
468
980
668
242
360
383
651
974
377
397
117
502
379
662
477
606
289
489
107
456
221
778
901
115
93
849
271
438
352
799
808
680
924
377
45
189
868
897
652
921
62
110
747
112
406
383
717
401
536
32
399
230
994
640
818
657
22
493
303
746
790
865
759
667
862
797
13
462
136
410
157
685
10
817
204
604
236
211
131
502
995
358
346
300
913
342
154
14
143
928
602
555
573
48
517
616
127
537
91
98
143
122
375
475
673
230
572
230
522
34
1000
973
712
7
281
766
174
751
300
454
808
806
589
871
76
977
286
940
120
57
125
733
229
719
437
467
700
376
100
751
716
738
272
257
150
839
491
62
507
731
951
901
338
653
605
328
336
90
877
159
133
643
228
762
790
753
959
247
707
682
20
150
724
952
499
242
817
54
262
896
673
671
704
99
776
732
593
70
465
486
374
500
951
729
411
881
1000
137
24
300
582
386
528
478
173
505
876
522
257
6
358
856
891
310
7
598
861
842
905
895
419
646
855
343
868
809
183
264
111
900
306
15
53
139
975
988
21
234
351
864
413
150
409
38
649
438
169
886
16
307
119
286
625
127
412
525
243
594
14
706
469
436
554
459
826
712
387
807
956
16
497
362
77
386
176
17
84
186
738
323
394
826
562
975
768
163
591
337
137
26
590
498
899
739
124
400
878
484
813
504
456
690
807
37
987
247
372
209
272
858
921
392
310
313
6
507
442
535
204
316
367
92
429
581
377
417
717
811
299
111
249
735
253
993
218
559
823
818
287
749
0
599
114
47
786
661
74
380
8
141
809
532
404
1
178
901
868
654
112
203
108
185
840
827
710
280
691
79
962
732
97
254
768
70
493
395
921
355
96
757
207
602
426
468
120
474
579
562
116
369
6
170
729
569
315
633
330
592
395
131
764
271
392
154
358
205
317
703
795
435
395
517
473
231
514
701
276
476
876
601
743
159
467
276
354
453
254
15
276
526
890
930
643
641
284
539
853
564
449
502
670
831
928
725
492
911
326
971
252
641
82
650
439
424
477
812
913
981
761
723
850
901
493
687
559
236
871
450
490
464
755
87
17
676
367
320
577
165
180
509
81
806
915
899
756
156
959
688
570
840
209
468
803
853
810
109
516
397
789
240
768
651
5
616
992
369
513
755
174
324
293
899
59
246
553
307
26
254
269
773
76
843
694
969
61
707
424
810
579
50
215
853
465
114
238
380
650
531
860
71
103
533
549
531
934
244
486
334
499
505
714
436
477
311
827
25
829
913
723
637
42
278
423
452
912
184
245
86
431
577
309
260
194
904
13
680
3
391
981
362
693
414
38
372
498
835
954
248
190
679
288
925
554
231
47
269
298
257
166
760
989
535
435
404
40
207
671
677
921
662
456
46
560
151
174
793
156
384
534
870
813
484
358
708
580
119
768
908
629
23
496
744
319
378
44
120
869
775
785
175
828
587
719
121
596
986
694
812
522
370
881
691
333
953
284
140
691
949
52
178
289
733
245
321
8
988
622
22
377
32
11
108
768
4
714
59
139
761
215
341
261
716
270
644
735
773
889
632
828
722
618
900
335
803
375
986
474
766
563
529
82
79
144
695
80
316
230
933
766
422
873
153
202
777
347
51
509
746
156
6
663
369
767
884
652
709
557
987
682
386
529
929
133
331
197
777
709
525
23
8
939
488
919
35
630
600
477
770
884
714
866
138
853
863
908
655
480
153
964
341
627
335
213
31
396
988
177
148
952
954
242
64
466
412
31
431
166
47
969
310
119
950
888
3
505
62
824
386
667
11
488
976
582
305
43
320
722
290
126
906
502
755
475
482
410
658
908
958
561
630
263
955
228
644
728
279
144
51
211
167
700
940
920
217
348
836
672
349
31
24
575
435
792
432
255
102
905
157
463
915
270
806
957
9
848
563
149
168
624
437
852
280
602
637
294
221
584
961
527
746
171
752
993
191
844
786
173
737
184
383
898
59
280
73
655
676
598
458
237
168
495
863
303
8
681
852
395
469
817
35
832
533
498
271
579
620
87
577
882
464
944
156
274
649
702
554
8
518
153
856
433
293
755
627
710
366
100
819
714
96
408
238
312
815
516
657
551
178
236
94
917
529
157
874
83
943
613
413
154
470
833
662
529
343
500
492
588
303
922
523
426
25
823
748
56
496
867
227
515
40
304
194
150
673
204
653
348
408
999
72
420
459
382
210
414
461
193
970
992
42
359
411
257
707
680
615
313
386
220
165
287
984
532
775
200
