396
32
725
81
820
863
72
316
650
686
143
354
570
256
184
214
577
928
643
165
186
245
295
700
899
534
205
281
133
267
462
149
16
103
189
249
897
900
499
205
996
164
466
646
873
521
902
970
157
292
883
133
924
594
499
742
673
712
445
189
813
920
166
538
994
76
60
228
500
665
891
788
333
246
864
834
562
504
854
744
407
311
709
488
332
231
446
807
599
229
599
369
522
793
250
45
62
877
253
420
444
184
557
679
624
949
736
790
995
777
520
5
172
489
784
890
917
320
795
996
179
841
593
903
817
617
178
25
702
342
612
406
357
327
537
312
121
591
499
344
645
217
133
599
379
218
567
891
522
465
234
750
320
224
563
920
62
586
93
902
493
991
182
449
732
148
166
585
619
280
601
586
217
435
230
916
303
627
900
567
835
555
664
298
318
47
920
921
495
94
957
612
297
669
490
667
225
960
879
973
503
312
493
873
597
886
939
950
246
729
261
204
138
795
539
400
496
572
987
852
647
798
319
106
687
808
321
231
659
326
996
222
683
764
979
179
269
262
243
299
156
207
263
856
765
183
408
421
184
910
328
858
534
500
931
283
76
93
528
184
475
778
712
366
819
611
386
650
619
402
587
697
81
351
817
683
474
149
453
415
0
509
140
255
248
115
783
695
783
415
957
671
877
989
600
144
768
852
737
371
565
782
245
699
536
11
697
297
525
752
147
428
220
284
905
682
761
392
365
832
600
396
40
107
171
935
144
506
576
68
97
733
109
798
308
294
83
886
807
135
602
456
878
225
625
512
58
426
790
691
233
245
547
155
979
336
585
484
673
441
606
220
387
265
870
265
732
697
114
747
534
235
185
818
289
867
864
457
116
740
132
419
369
136
175
624
202
836
745
201
151
22
676
495
646
992
445
495
203
831
916
952
134
75
495
419
765
16
199
18
768
859
109
227
27
916
288
444
642
117
832
119
910
387
877
913
760
566
719
814
931
326
531
929
724
898
248
999
281
596
161
167
506
264
649
179
63
571
841
111
805
448
475
528
62
300
578
877
945
48
386
759
927
209
865
92
973
8
314
589
351
600
25
783
886
486
661
718
754
708
130
156
454
244
422
547
916
660
722
975
65
119
21
927
207
175
52
857
37
921
417
841
122
897
775
39
57
167
571
855
516
36
581
336
397
447
526
138
928
369
506
995
413
364
145
111
964
652
948
651
71
965
946
70
228
290
179
162
719
539
633
220
10
37
60
706
347
490
701
333
597
836
65
386
574
271
424
278
374
776
821
864
310
742
270
515
140
495
43
334
510
584
931
785
154
295
976
50
840
472
227
627
832
201
416
125
72
537
87
665
372
943
576
240
190
940
499
399
47
845
454
604
581
426
313
310
986
501
715
707
833
82
351
896
100
324
254
310
147
45
308
812
735
599
238
788
265
340
484
99
413
712
493
112
750
813
763
640
822
935
8
782
386
524
286
245
882
613
899
40
843
975
735
121
709
545
966
672
654
914
72
354
794
331
463
235
181
559
154
597
224
783
507
855
404
964
535
32
323
665
590
306
37
257
660
551
754
560
694
990
693
583
917
111
875
15
850
236
197
168
990
928
87
878
921
927
148
481
251
668
187
464
228
657
792
220
747
492
539
931
830
562
0
329
963
97
938
64
913
858
699
147
414
791
597
158
565
926
883
123
926
665
762
786
340
232
469
709
369
704
891
557
912
603
3
642
85
838
773
262
60
926
531
54
302
119
219
794
662
298
894
640
66
18
395
417
727
323
261
507
422
198
151
712
462
915
822
662
446
0
306
15
304
755
654
230
266
619
761
920
348
790
841
358
745
67
155
696
890
497
683
329
698
827
153
645
582
946
63
72
583
46
78
160
219
245
24
145
657
269
990
495
366
886
751
889
545
790
722
245
698
141
196
80
60
992
604
271
997
369
955
14
925
323
500
328
711
254
464
794
880
964
115
580
108
167
665
375
92
527
182
513
324
539
243
203
586
976
677
499
326
24
425
185
704
614
948
710
745
240
91
616
616
399
590
361
280
5
512
56
287
713
236
552
473
302
442
571
949
687
182
444
576
663
921
247
790
487
931
718
181
949
93
739
48
121
3
557
306
237
44
796
646
973
396
657
239
927
665
919
797
953
987
675
887
230
519
604
72
693
579
84
662
867
165
991
350
286
765
356
624
974
983
453
975
421
646
678
688
377
913
39
234
737
860
911
280
291
494
77
519
722
910
587
466
88
342
384
566
999
132
743
785
864
82
256
65
336
254
309
