94
389
400
507
534
464
130
188
778
951
315
728
382
835
320
567
523
150
55
111
928
973
310
367
766
187
342
257
376
545
418
482
916
772
445
167
917
653
612
254
993
299
142
375
550
848
750
812
338
920
978
788
928
502
510
171
617
182
304
528
71
867
575
712
462
235
670
48
220
354
678
600
104
663
629
31
449
287
401
181
906
227
36
983
674
646
951
846
346
6
985
316
801
982
831
614
285
235
376
822
632
802
609
965
419
160
728
370
433
856
379
678
218
124
513
181
230
290
620
124
800
944
55
417
8
997
357
93
214
290
529
73
855
957
897
576
437
197
637
597
351
471
896
609
73
799
173
431
472
869
886
249
147
883
568
398
332
487
149
988
151
581
497
531
414
87
569
26
158
799
124
435
741
809
842
479
734
391
645
442
574
830
557
199
563
132
38
550
157
178
484
787
372
698
967
737
742
232
380
283
597
471
163
64
431
109
46
612
19
149
430
686
806
749
904
402
881
531
84
900
110
94
494
855
973
834
582
773
294
88
311
949
827
271
698
22
731
218
376
587
939
382
424
697
714
320
666
963
890
959
867
621
961
212
99
47
703
171
319
678
207
188
943
915
575
997
122
383
759
969
269
492
95
79
794
887
21
482
346
237
776
35
179
630
421
985
237
131
81
629
205
657
476
8
53
579
423
570
852
605
324
791
768
274
887
855
290
975
825
684
3
712
387
560
104
347
372
583
717
778
10
234
760
251
429
954
104
306
765
182
454
223
651
240
5
91
695
77
928
396
984
734
627
213
919
85
895
532
327
932
240
210
284
460
846
671
635
802
720
226
242
3
584
818
258
241
847
672
716
995
111
605
975
742
814
634
568
212
968
568
822
283
853
204
725
527
485
97
713
207
981
780
582
204
272
334
567
393
481
950
995
945
63
193
661
790
801
687
3
391
709
439
564
334
669
130
327
360
43
673
351
831
440
120
36
300
733
941
531
448
49
421
19
299
590
652
291
750
88
779
115
154
46
625
217
972
867
804
362
202
901
503
227
629
430
249
623
699
553
995
288
191
966
249
44
525
381
24
786
49
579
765
116
328
75
94
983
387
868
481
439
413
293
603
515
719
812
839
438
230
766
447
9
179
613
830
501
295
243
563
175
455
826
655
121
186
484
295
629
456
591
981
568
329
785
763
563
620
668
12
851
322
789
282
933
203
111
770
286
680
936
194
426
889
377
303
422
834
133
353
32
627
555
952
787
953
855
197
475
169
565
408
448
370
330
195
820
173
913
325
412
335
797
887
432
797
239
596
413
984
796
894
224
809
720
903
637
448
910
939
109
352
380
886
15
801
630
162
996
719
968
539
519
686
157
712
440
539
702
722
804
978
157
952
222
511
964
309
795
530
726
456
9
642
248
571
859
429
201
367
944
588
98
96
413
28
392
761
981
111
659
539
608
638
28
817
43
148
631
998
591
356
120
855
386
340
488
528
468
431
875
808
312
568
634
327
779
219
957
613
242
466
711
50
91
113
831
486
563
887
27
631
96
323
358
885
133
523
141
179
629
552
703
55
568
679
535
246
574
582
185
494
870
240
8
726
666
608
190
240
699
214
422
207
870
137
35
521
697
420
487
737
306
730
329
48
112
596
114
114
344
454
294
15
300
147
517
233
254
821
661
356
421
341
204
696
23
682
469
280
273
236
493
784
941
847
169
661
908
837
940
158
461
303
30
389
488
442
708
568
552
868
902
804
866
123
625
221
860
248
133
713
888
689
568
724
861
869
643
60
641
34
680
704
658
700
915
506
782
696
656
483
603
480
642
40
237
868
820
926
525
695
558
559
925
468
780
770
661
698
547
256
376
610
36
11
591
419
929
318
562
913
444
566
909
541
113
646
834
882
755
257
381
289
585
437
296
659
674
484
421
909
571
747
305
231
344
224
575
207
106
510
522
365
251
136
291
19
766
545
619
592
674
74
23
628
404
445
718
29
465
219
997
94
523
109
303
347
201
574
709
631
535
145
52
568
186
159
209
209
247
168
568
166
542
221
917
496
195
506
80
841
810
250
132
628
473
901
392
296
704
658
828
924
159
538
345
587
191
528
878
89
201
574
12
362
273
629
447
855
631
422
480
827
998
63
705
172
804
279
317
230
270
896
243
133
597
934
411
93
988
206
281
693
135
91
816
704
302
602
907
209
132
222
854
158
801
219
275
768
46
3
212
144
460
942
925
924
466
958
137
493
229
29
520
762
668
52
807
740
716
798
345
214
383
231
571
707
83
403
