171
692
240
658
188
415
282
606
765
650
870
677
87
443
733
657
236
529
344
488
363
674
509
68
863
344
506
253
561
114
453
505
644
621
751
115
243
598
29
230
289
408
16
572
812
315
953
656
726
228
827
979
432
921
700
516
58
561
91
362
51
64
288
300
365
308
735
464
885
303
160
248
857
259
468
488
192
468
557
195
81
204
966
198
683
612
881
998
871
549
389
740
472
194
342
194
214
458
792
182
119
844
440
534
270
958
718
852
174
766
388
251
166
273
893
843
301
875
830
573
285
52
519
748
17
997
583
847
160
504
281
760
738
811
182
887
311
119
389
587
972
455
607
558
674
782
537
403
239
319
156
625
726
431
390
682
915
247
883
874
794
248
624
167
656
827
135
831
848
719
806
66
347
233
909
242
740
850
825
186
585
372
43
958
45
314
201
491
54
636
221
887
578
853
49
165
490
270
763
734
248
15
116
526
707
567
548
580
193
514
777
917
699
735
102
123
331
613
805
178
150
478
870
482
229
469
555
1
739
767
602
1000
898
762
776
790
768
449
549
773
318
620
159
719
914
876
506
410
793
111
222
968
222
2
510
86
342
780
681
616
94
757
244
298
468
62
653
597
462
453
703
593
83
922
487
576
615
433
135
372
276
873
24
778
573
272
293
118
628
926
836
36
595
829
801
463
900
319
442
254
879
462
374
39
131
586
667
264
255
13
563
443
139
256
440
937
134
97
5
610
30
867
327
620
416
127
243
239
615
936
596
853
920
762
12
486
616
248
561
592
645
557
883
656
20
285
347
153
200
674
490
166
53
57
582
10
846
468
232
292
985
306
869
798
447
898
177
347
947
452
327
654
665
769
142
354
692
413
84
401
841
977
901
444
815
466
785
166
661
940
536
384
7
169
353
509
405
295
393
213
407
102
938
551
831
581
485
854
844
366
360
328
709
43
457
939
484
521
888
64
300
941
861
575
761
475
626
380
479
828
223
109
72
783
405
575
317
442
921
288
98
71
816
71
743
146
962
533
46
82
183
285
828
568
847
913
833
708
976
139
880
425
500
310
776
485
208
311
214
593
862
74
43
254
557
756
85
990
292
626
329
133
623
16
153
906
99
556
663
362
643
877
978
932
231
129
474
116
678
783
463
712
652
86
414
791
74
662
335
880
430
497
646
321
728
900
818
132
94
970
863
702
203
230
275
218
924
129
994
985
926
146
371
211
704
395
565
372
998
997
485
325
826
424
930
22
618
357
800
934
113
496
214
987
770
152
168
999
88
389
80
215
15
924
259
244
123
3
747
924
805
983
165
390
824
717
499
322
613
48
41
672
590
80
924
497
649
430
529
715
203
702
583
181
566
288
638
954
321
447
336
481
657
365
344
581
734
445
375
847
964
390
215
935
428
483
412
97
111
694
878
968
896
473
589
950
43
26
168
822
264
227
398
543
392
340
732
751
891
654
138
831
120
330
356
750
603
53
190
714
154
682
874
285
27
688
764
580
907
644
312
444
147
423
818
245
430
636
100
919
672
690
999
701
758
787
527
902
148
316
57
436
701
263
21
206
250
533
912
938
304
712
413
63
482
842
323
966
354
656
968
64
385
224
24
452
671
918
448
481
813
517
636
637
343
914
385
80
307
703
97
276
174
768
863
397
52
118
500
717
620
890
112
840
341
490
599
137
97
733
18
504
438
478
938
908
793
709
687
821
377
877
772
410
300
494
660
575
601
887
720
730
891
342
43
714
500
560
790
878
381
235
276
33
546
386
528
262
874
470
226
767
403
99
330
815
580
915
189
151
675
537
287
465
221
445
54
854
56
416
555
433
962
970
965
502
676
317
321
333
34
279
274
999
364
532
399
721
737
431
857
995
448
473
9
359
200
321
745
846
481
530
411
987
209
860
104
394
323
648
413
716
380
653
234
116
541
797
82
199
824
98
717
937
134
883
894
368
854
623
572
486
149
455
332
633
405
814
681
263
314
144
464
911
68
513
705
101
725
187
710
651
552
65
792
91
996
812
122
96
165
106
332
118
395
922
594
354
574
526
59
848
238
552
621
248
981
606
806
53
70
170
892
376
8
95
190
13
597
556
768
891
697
150
709
905
900
814
217
691
702
110
126
776
195
865
36
525
134
424
828
53
415
34
327
654
715
12
329
398
223
417
593
372
90
191
345
821
914
797
894
767
405
187
453
570
497
326
473
797
625
125
447
17
707
398
393
184
597
675
328
773
629
400
672
128
70
582
418
468
588
779
261
876
552
169
181
921
386
78
