66
225
74
180
926
375
646
494
873
760
388
585
994
595
24
63
737
678
371
783
575
385
688
202
917
705
156
518
694
841
479
459
741
807
303
589
498
525
767
212
637
15
275
618
976
402
947
866
359
432
586
463
368
420
506
890
901
278
68
747
288
867
167
777
738
477
347
192
691
289
436
891
847
850
712
73
983
863
431
928
733
261
674
332
977
541
292
837
953
650
976
111
303
601
190
675
991
184
362
838
431
139
383
617
847
864
920
547
140
477
945
233
761
650
296
367
553
16
151
488
945
476
591
777
143
581
342
88
700
198
111
382
558
856
464
611
28
482
283
655
797
616
971
911
23
694
633
254
753
0
306
40
27
129
891
393
105
577
859
475
249
901
446
610
580
691
88
175
79
963
388
604
122
414
264
946
652
403
230
134
724
231
184
182
217
337
867
634
800
972
324
206
931
779
297
104
442
449
360
544
250
893
376
307
326
845
371
426
964
15
218
746
109
951
604
907
447
240
392
705
445
942
413
353
846
559
155
22
267
811
545
747
208
316
767
219
167
98
928
602
636
239
903
894
619
676
123
21
482
758
835
440
722
149
828
723
882
581
991
251
863
37
390
702
605
952
557
445
118
78
877
855
360
989
184
914
196
741
540
99
927
433
228
277
674
74
85
728
683
736
922
123
645
716
910
435
579
899
69
391
473
914
252
475
252
582
574
428
974
858
533
788
814
526
886
973
439
460
181
545
517
705
69
636
728
867
386
184
700
475
958
206
722
95
804
536
380
492
431
534
444
161
181
448
215
780
821
926
719
968
500
350
985
436
568
993
629
296
553
729
259
688
956
934
257
548
935
729
922
835
558
194
191
988
460
914
335
712
549
495
337
21
438
456
981
83
276
416
925
45
663
671
896
446
340
448
655
297
360
711
46
510
548
483
103
33
709
405
558
610
397
874
895
594
983
904
597
910
313
339
536
326
493
183
381
354
852
309
923
364
265
353
794
139
19
151
784
650
669
224
19
356
795
433
668
559
273
535
954
359
787
690
648
161
265
549
334
371
987
181
259
841
114
734
507
260
651
352
870
73
662
172
578
493
159
777
714
145
755
27
893
814
69
234
997
578
116
326
275
882
220
340
848
295
104
23
721
476
979
694
671
183
777
685
517
110
534
989
442
277
42
542
565
866
815
752
963
208
4
558
273
689
622
390
69
952
194
263
866
332
431
477
431
361
896
227
745
980
332
682
499
924
156
630
514
901
641
403
78
225
247
69
389
585
904
986
194
459
855
306
625
852
153
397
484
396
966
209
306
890
76
421
804
548
289
115
25
724
26
366
453
992
220
758
197
100
980
336
899
19
371
629
764
107
689
253
578
942
20
743
884
976
654
547
569
29
945
549
39
257
767
592
348
351
68
52
27
582
509
620
245
581
717
29
134
387
195
421
332
821
665
883
210
973
503
996
997
138
321
608
294
675
764
502
875
1
923
266
95
761
951
565
334
582
226
316
421
772
65
362
702
655
127
48
375
331
376
83
838
249
275
456
154
22
110
527
282
505
635
201
636
996
53
135
872
199
43
593
222
523
580
317
711
707
874
540
979
840
996
316
751
132
867
432
460
248
981
491
197
957
261
222
830
378
83
718
196
708
209
710
640
6
880
860
602
465
747
109
239
620
810
120
228
365
988
851
418
49
556
326
992
259
131
193
460
480
319
727
839
287
577
304
156
242
226
963
876
452
160
445
740
675
461
251
134
922
475
337
950
585
817
312
930
817
795
855
383
628
154
10
374
658
331
132
293
392
774
277
269
817
356
695
842
403
878
208
811
234
192
322
423
173
945
24
969
560
548
268
866
99
550
687
524
974
171
495
543
674
348
135
588
821
560
442
329
944
969
647
462
118
713
677
331
812
388
465
885
356
725
714
43
485
252
113
473
834
756
59
408
627
776
933
966
721
410
680
971
450
600
393
43
321
466
27
361
38
116
841
93
651
574
94
411
928
800
452
647
826
232
691
722
177
324
154
280
553
519
682
940
353
67
862
455
470
451
637
86
281
743
632
924
768
244
360
723
834
525
799
722
7
471
881
552
323
920
324
480
224
823
907
968
305
698
698
712
47
323
267
273
349
123
236
650
826
435
705
725
429
452
597
132
192
201
359
652
434
861
859
434
522
987
507
767
448
424
837
890
231
713
71
799
556
194
417
68
88
218
40
29
740
724
18
923
987
381
470
463
729
321
464
991
854
700
166
343
410
481
1000
614
540
730
813
947
306
516
273
468
947
194
262
