247
583
506
162
492
644
897
892
686
986
103
338
154
672
290
554
169
804
284
229
30
351
2
775
510
77
817
352
935
519
307
201
113
720
755
169
60
737
194
288
938
911
889
640
957
902
396
650
926
699
94
139
343
985
461
253
990
172
265
725
887
776
799
416
749
940
922
325
701
911
315
589
947
225
54
579
602
814
463
452
875
950
730
910
50
710
912
82
427
186
546
317
530
404
112
717
0
947
945
840
394
459
581
558
414
600
664
339
1
190
969
207
446
780
717
530
375
653
969
61
929
798
999
54
630
431
861
300
817
672
636
680
515
334
30
624
446
309
5
895
387
152
858
999
203
289
535
976
449
481
728
619
755
95
201
647
587
214
285
933
825
841
359
134
312
242
659
710
371
959
164
966
756
394
371
841
345
420
235
548
171
590
156
637
442
674
179
119
985
292
758
99
679
718
103
754
998
501
832
251
520
742
352
851
385
398
224
410
12
883
442
605
87
563
655
116
532
712
998
87
688
974
675
280
94
725
714
617
353
103
921
263
687
168
59
491
867
628
398
121
263
7
378
371
670
796
886
225
565
215
441
31
363
433
464
759
895
807
985
45
181
832
900
619
824
759
715
696
120
148
630
548
809
281
4
638
473
31
58
23
679
922
281
176
189
551
273
93
497
83
375
836
391
106
479
551
288
889
430
930
650
897
971
889
572
625
721
575
845
262
891
751
262
796
485
931
656
614
76
52
665
587
988
759
315
434
476
272
421
245
470
934
360
87
435
18
813
105
291
756
151
865
962
191
556
727
777
919
393
283
155
481
476
32
593
112
237
297
306
149
408
5
69
649
619
476
287
624
738
299
702
590
294
613
736
191
708
529
756
544
117
754
931
603
229
639
895
775
513
79
507
824
753
920
930
996
544
782
397
523
429
205
801
344
984
102
967
418
89
175
797
999
170
469
225
654
395
816
366
616
805
495
116
678
448
603
281
133
819
545
56
328
640
487
937
72
407
959
875
276
361
611
307
76
964
377
442
750
250
724
888
627
600
533
682
989
194
643
757
530
346
266
94
610
265
756
51
278
31
331
775
749
436
164
362
102
261
77
349
508
589
646
708
452
181
524
541
275
832
23
835
425
864
924
458
636
783
66
403
577
803
448
948
491
153
806
451
409
382
124
740
591
647
899
41
582
397
703
60
381
53
707
689
700
50
262
940
181
986
66
122
652
267
991
454
138
869
992
38
482
106
953
795
472
334
928
550
249
854
112
537
382
863
224
116
473
212
345
244
521
105
438
603
359
581
298
838
443
129
304
984
728
942
99
919
777
773
457
721
357
249
168
648
178
918
268
642
142
942
104
814
649
160
313
924
218
374
521
31
870
360
406
758
542
629
116
911
366
655
48
841
269
144
715
11
361
313
982
430
807
633
685
406
964
372
262
659
828
957
909
11
477
696
682
626
634
942
849
831
227
292
417
388
949
308
426
622
764
776
38
294
542
829
613
747
827
594
584
476
363
85
969
834
35
939
437
319
293
591
937
735
347
179
193
439
37
970
97
794
997
830
214
36
608
211
113
138
332
140
191
907
788
331
806
257
26
473
320
405
188
780
215
615
796
564
698
966
888
825
335
28
913
362
83
537
258
506
707
62
807
4
229
953
346
580
218
409
517
459
584
607
570
338
605
283
693
862
762
120
700
124
602
646
493
449
738
900
392
439
157
380
898
23
616
863
240
349
307
870
275
358
877
344
125
801
177
349
827
55
906
486
161
833
484
948
899
430
875
201
138
98
851
629
867
998
944
829
583
858
491
718
930
488
683
172
617
726
921
310
434
380
547
382
63
766
904
145
187
676
432
827
78
753
686
164
535
580
327
688
510
339
871
211
623
723
253
34
711
250
304
582
399
92
187
874
204
996
437
527
499
842
124
767
5
7
546
527
445
886
538
390
180
139
409
88
592
65
616
634
284
819
962
72
277
444
507
338
473
549
130
808
690
497
305
119
720
175
321
841
681
367
846
349
248
761
538
228
551
357
236
83
681
636
438
449
294
610
544
796
310
528
789
379
261
797
513
170
881
364
296
410
775
79
197
992
975
462
427
992
383
968
306
418
893
657
388
53
877
403
30
113
444
186
646
329
114
255
572
424
770
107
849
938
989
3
25
730
946
85
844
720
614
486
71
110
932
966
494
236
44
141
338
356
623
234
149
716
606
148
276
97
272
277
133
828
612
598
416
167
465
711
199
752
53
962
456
842
384
884
888
422
944
879
625
436
36
212
970
549
211
